22.2
21.0
21.0
19.2
21.0
21.6
19.8
18.0
20.4
19.2
21.0
19.8
19.8
19.2
18.6
22.2
19.2
19.2
19.8
17.4
19.8
21.0
23.4
23.4
21.6
20.4
21.0
22.74
20.4
22.5157895
19.8
20.6557895
21.0
24.06
21.6
19.8
16.8
21.06
23.4
16.8
24.6
18.9757895
19.8
21.0
21.0
19.8
19.5442105
19.86
20.4
19.8
21.0
19.8
21.6
22.2
21.06
25.2
19.2
16.2
16.8
22.2
18.6
20.4
20.4
18.6
21.6
19.8
19.8
21.0
21.0
20.4
18.6
22.8
23.4
21.6
17.94
17.94
16.74
19.4842105
16.74
21.6
21.0
16.8
16.74
19.2
16.5157895
17.4
17.4
18.915789500000002
19.8
19.2
19.8
20.4
19.8
21.0
24.0
23.4
23.7157895
22.74
24.6
26.4
22.9957895
26.34
23.7157895
25.2
26.4
26.0242105
25.2
25.2
24.0
25.2
27.54
25.8
27.0
25.8
27.6
26.4
27.0
26.4
25.2
27.3157895
27.6
27.0
27.6
27.0
27.6
29.4
27.66
27.6
28.2
24.84
25.98
28.86
27.78
28.92
28.26
29.1757895
29.4
28.86
27.78
28.92
29.46
27.24
29.46
28.92
28.32
28.0357895
27.24
28.92
28.291579000000002
27.9757895
27.435789500000002
28.323158000000003
28.231579
28.86
28.5157895
29.147368500000002
28.5157895
28.831579
28.891579
28.5157895
28.86
29.1157895
28.891579
29.1157895
27.631579000000002
28.5757895
27.114
27.3757895
28.5157895
28.5757895
26.7157895
27.915789500000002
28.26
28.831579
27.631579000000002
26.8357895
29.46
28.26
26.491579
28.0237895
27.947368500000003
29.7157895
26.8243895
28.0013685
29.1697895
28.5157895
28.569789500000002
28.4557895
27.3157895
28.831579
28.4617895
27.915789500000002
26.945999999999998
26.824389500000002
26.693368500000002
29.346
27.8933685
28.5757895
27.947368500000003
28.146000000000004
28.231579
27.893368500000005
28.4393685
29.147368500000002
27.915789500000002
27.7165275
28.746
28.291579000000002
28.4617895
28.831579
27.723158
27.947368500000003
28.5473685
29.946000000000005
28.737191700000004
28.777579
28.231579
27.947368500000003
28.831579
28.5473685
27.063158
28.2
29.431579000000003
27.4105265
28.863158000000002
27.978947500000004
27.918947500000005
28.433368500000007
27.694737000000003
27.947368500000003
28.809158000000004
29.2745566
29.147368500000002
29.1157895
29.4
29.252243200000002
29.1157895
29.7157895
29.147368500000002
29.7157895
28.263158000000004
28.578947500000005
28.263158000000004
29.147368500000002
29.147368500000002
28.831579
29.431579000000003
28.5157895
28.5157895
27.723158
28.291579000000002
28.86
28.831579
28.891579
29.4
29.1757895
29.7157895
29.4
29.7157895
29.7157895
30.0
29.6842105
30.0
29.7157895
30.0
29.7157895
29.7157895
30.0
29.4
30.0
29.1157895
29.7157895
30.0
29.7157895
29.431579000000003
29.431579000000003
29.7157895
29.147368500000002
29.431579000000003
28.231579
29.7157895
29.147368500000002
28.863158000000002
29.7157895
29.7157895
29.147368500000002
28.863158000000002
29.232317000000002
28.863158000000002
28.863158000000002
27.243158000000005
28.063896000000003
27.663158000000003
28.968032700000002
28.294737000000005
29.431579000000003
27.947368500000003
28.263158000000004
28.803158000000003
28.863158
28.323158000000003
28.863158000000002
29.147368500000002
29.147368500000002
29.431579000000003
29.1157895
29.147368500000002
29.147368500000002
29.7157895
29.431579000000003
29.1157895
29.431579000000003
29.1757895
29.431579000000003
28.231579
28.9165275
27.3473685
27.3157895
28.487368500000002
28.5157895
27.915789500000002
28.3587671
27.748106500000002
28.831579
28.8
30.0
27.8873685
27.947368500000003
28.231579
27.947368500000003
26.747368500000004
27.915789500000002
26.431579000000003
26.434737
26.747368500000004
27.8873685
26.494737000000004
26.870526500000004
26.778947500000005
27.640423500000008
28.231579
26.747368500000004
26.494737
26.526316000000005
26.810526500000005
26.6112645
24.808106500000005
25.979685500000006
26.7161392
26.327054000000008
27.527054000000007
26.178947500000003
26.8105265
25.559371000000002
25.218633000000004
25.805721700000003
26.295475000000007
27.211264500000006
24.497689
26.756213000000002
26.181161499999998
26.465372000000006
28.348106500000004
25.218633
24.2744225
26.842105500000002
25.335160500000008
25.727054
24.397580500000004
25.619370900000003
24.33758050000001
26.927054000000002
24.536842500000006
26.127792000000003
26.475160500000005
27.157895000000007
25.275160500000002
25.449474000000006
25.818633000000005
24.195160500000007
25.818633000000005
24.5968425
25.793684500000005
26.418633000000003
27.214737
26.362105500000002
26.0712645
27.754737000000006
26.080737000000003
28.123896000000006
27.700737000000004
27.043896
26.961475
26.614737000000005
24.529896000000008
26.506389800000008
28.0838222
25.783896000000006
27.154737000000004
26.9589475
26.807368500000003
27.555475
26.415475000000004
28.5473685
27.7796855
28.288393000000006
27.896213000000003
27.527054000000003
27.126315899999998
27.470526500000005
26.870526500000004
27.463896000000005
27.836213
28.035475
28.123896000000006
28.263158000000004
28.180423500000007
27.461087700000004
28.095475000000008
28.578947500000005
26.333684500000004
28.578947500000005
26.782105500000007
26.0712645
27.2646341
26.147054000000008
25.357895100000004
26.702843500000004
26.782105500000004
25.730212000000005
24.728530099999997
24.362843500000004
23.927054000000002
25.957895000000008
26.52853
25.187054000000007
27.435475000000007
25.013684500000004
27.7231581
27.864634000000002
27.0852982
25.670526700000003
26.330526500000005
27.783158000000004
28.263158000000004
27.6261356
26.6996855
27.776213
27.410526500000007
27.514737
26.744560200000002
27.9473686
27.833055000000005
28.395789599999997
27.833054999999998
27.183158000000002
25.474737
27.608844500000004
26.103158000000004
26.191264500000006
27.043896000000004
24.258947499999998
25.108106500000005
24.855475
27.243158000000005
26.588844500000004
28.450346100000004
26.9557895
26.614737000000005
26.759685500000003
26.358947500000003
26.074737000000006
26.2196855
26.503581499999996
26.020423500000003
26.390526500000007
26.7028435
23.743267000000007
25.139371
23.831688000000003
26.002348600000005
26.219371000000006
26.161585
24.943580500000007
26.762213000000003
26.247792000000004
26.418633000000003
27.4326667
26.500423600000005
27.242843500000006
26.134422500000007
25.793684500000005
26.532002500000004
28.379685500000004
26.731264500000005
28.095474999999997
27.442105500000004
28.294737
28.518947500000003
28.294737000000005
27.432666700000006
29.232317000000002
29.147368500000002
28.0105265
28.251084100000003
29.172317000000003
28.663896000000005
28.863158000000002
28.683822200000005
29.252243200000002
26.978559200000003
26.211190700000007
29.317265499999998
27.726316000000008
27.410526500000007
27.6088445
26.778947500000005
27.231190700000006
28.083822200000004
27.660349700000005
28.712243200000003
28.607368500000003
28.220275900000004
28.4470826
28.8736454
29.536453700000003
29.252243200000002
28.6522432
29.2206642
29.8206642
29.8206642
29.7157895
29.4764537
29.46
28.974
29.2806642
29.2806642
29.8206642
29.2806642
29.46
29.8206642
29.2206642
29.8206642
30.0
29.2206642
28.92
28.26
29.46
29.4
30.0
30.0
29.4
29.8206642
28.86
29.641328400000003
29.8206642
28.8
28.981328400000002
28.680664200000002
28.981328400000002
29.4619926
29.641328400000003
29.625344100000003
29.2206642
29.0413284
28.6206642
27.721992600000004
28.472907400000004
29.6793441
28.801992600000002
28.8
28.450923000000003
28.2171179
29.4
28.737191700000004
28.598243200000002
29.7157895
28.6093611
29.014008200000003
29.012907400000003
28.9648747
29.641328400000003
28.472907400000004
28.5357157
28.996453700000004
28.7406642
29.5000083
29.536453700000003
28.6627306
29.8206642
29.641328400000003
29.8206642
30.0
29.8206642
29.8206642
29.8206642
29.2206642
29.8206642
29.9514
29.945999999999998
29.4
29.6842106
29.7157895
30.0
30.0
30.0
29.2206642
30.0
30.0
30.0
29.46
30.0
29.1314917
30.0
30.0
28.86
28.9364537
29.1157895
29.34
29.4
28.8
29.4
30.0
29.4
29.4
28.3744693
29.7157895
29.7157895
29.7157895
29.431579000000003
28.231579
28.831579
29.147368500000002
28.007368500000002
27.915789500000002
26.8673685
27.3473685
27.947368500000003
28.263157999999997
27.745579000000003
27.663158000000003
27.031109700000002
27.631579000000002
27.321789500000005
27.691579
26.238947500000005
28.1844729
28.891579
26.403158000000005
26.491579
27.123158000000004
27.9789475
28.351579
25.755789500000002
28.0357895
27.0
26.775789500000002
27.091579000000003
29.0214022
26.8673685
26.463158000000004
27.151579
26.807368500000003
27.031579
26.747368500000004
26.431579000000003
25.983158000000003
26.431579000000003
28.328986999999998
26.463158000000004
26.147368500000002
25.5473685
28.831579
26.7157895
27.3157895
27.3157895
29.4
29.4
28.32
29.346
28.8
27.6
29.4
26.2206642
28.2
28.74
27.0
27.0
28.2
25.8
28.2
28.8
28.2
27.8557895
27.6
29.34
28.8
27.54
27.54
30.0
28.2
27.66
27.6
28.2
27.06
27.6
28.2
27.915789500000002
28.8
28.26
29.4
28.2
29.4
27.915789500000002
28.8
29.4
30.0
28.8
30.0
28.5157895
30.0
29.2206642
29.6372776
30.0
29.4
29.46
29.4
29.277191700000003
29.337191699999998
29.621402200000002
29.0214022
29.4
29.4
29.7157895
30.0
30.0
29.8586798
29.46
28.26
29.4
30.0
30.0
30.0
29.4
29.1757895
30.0
28.92
30.0
29.7157895
29.431579000000003
29.7157895
29.7157895
30.0
29.172317000000003
28.5473685
29.431579000000003
28.797191700000003
29.021402199999997
29.277191700000003
29.0814022
29.46
27.768693000000003
28.5129812
28.92
29.2100036
29.1757895
28.0014022
28.92
28.2571917
28.7971917
30.0
28.541402200000004
30.0
29.081402200000003
29.081402200000003
30.0
29.081402200000003
28.481402199999998
29.1157895
29.1757895
29.6214022
28.541402200000004
27.8993358
29.46
29.46
30.0
30.0
30.0
30.0
29.6842105
29.94
29.94
29.4
29.1157895
30.0
29.4
29.46
29.4
28.8
29.778597799999996
29.4
28.8
29.4
29.4
29.4
29.46
30.0
29.7157895
29.778597799999996
30.0
29.4
29.46
30.0
29.4
29.4
30.0
30.0
30.0
30.0
29.4
29.800738000000003
30.0
29.346
30.0
30.0
29.4
30.0
29.94
30.0
29.7157895
29.94
30.0
29.46
30.0
30.0
30.0
29.6842106
29.621402200000002
29.800738000000003
30.0
29.6842105
30.0
30.0
30.0
29.1757894
29.46
30.0
29.4
30.0
30.0
30.0
30.0
30.0
30.0
29.4
30.0
30.0
30.0
30.0
30.0
29.562600000000003
29.842977599999998
30.0
29.94
29.8206642
29.6557895
29.46
29.46
30.0
30.0
30.0
30.0
29.46
30.0
29.200738
29.46
29.46
29.94
30.0
30.0
30.0
29.46
29.2489776
30.0
29.46
29.5648748
28.8915789
29.7157895
29.800738000000003
29.1157895
30.0
29.1757895
30.0
29.46
30.0
29.46
29.431579000000003
30.0
27.9414022
28.86
28.797191700000003
28.856527500000002
29.7157895
29.084210600000002
29.872811900000002
29.7157895
29.684210599999997
28.92
29.94
29.94
29.7157894
29.4
30.0
30.0
29.46
29.7097894
29.46
30.0
29.400000100000003
29.6557895
29.7157895
29.6557895
29.684210599999997
29.684210599999997
29.1157895
29.46
29.7157895
30.0
30.0
29.000001400000002
29.1757895
29.46
30.0
29.46
29.46
29.0344694
28.86
28.720738
29.1157895
29.3684211
28.92
29.175789599999998
30.0
29.7157895
30.0
29.0780495
29.46
28.86
29.1442106
29.564210599999996
30.0
30.0
28.958766999999998
29.94
30.0
29.8586798
29.0049486
30.0
30.0
30.0
30.0
30.0
30.0
29.6842106
30.0
29.94
30.0
30.0
29.7157895
30.0
29.744210600000002
30.0
29.3371917
30.0
30.0
29.46
28.92
30.0
30.0
30.0
30.0
30.0
29.4
29.6842106
29.2297894
30.0
29.7697894
30.0
30.0
29.800738000000003
30.0
29.6842106
29.7697894
30.0
30.0
29.46
29.1442106
30.0
30.0
30.0
29.7157895
30.0
29.7157894
30.0
30.0
30.0
29.3029776
30.0
29.945999999999998
30.0
29.4
30.0
30.0
30.0
30.0
30.0
29.8206642
30.0
30.0
30.0
30.0
30.0
30.0
30.0
30.0
30.0
29.46
30.0
30.0
30.0
30.0
30.0
30.0
30.0
28.86
29.084210499999998
30.0
29.6842105
30.0
30.0
30.0
30.0
29.198210500000002
29.6842105
29.4
29.6842105
30.0
29.4
29.7157895
30.0
30.0
30.0
30.0
30.0
30.0
30.0
29.6617895
29.945999999999998
29.46
29.346000000000004
29.46
29.406000000000002
29.406
30.0
29.46
29.621402200000002
29.46
30.0
29.067789500000003
29.406000000000002
28.866
28.866000000000003
29.945999999999998
28.866000000000003
29.946000000000005
29.6842106
29.892000000000007
28.92
29.946000000000005
30.0
29.8141351
28.6357894
29.406
29.1757895
29.684810600000002
29.8855307
29.6322687
29.345530699999998
28.92
29.121789500000006
29.298000000000002
28.723579
28.5817895
29.352000000000004
28.866000000000003
28.9583456
29.220135099999997
29.6077895
29.01378950000001
28.209472600000005
29.434890400000004
29.832000000000004
28.326
28.297579
28.837578999999995
29.946000000000005
29.406
28.8915789
29.067789500000003
30.0
29.744210600000002
29.945999999999998
30.0
29.886
28.788135099999998
28.866000000000003
29.892000000000003
29.061263399999998
29.406
28.866000000000003
29.1757895
28.581789500000003
29.351999999999997
29.3775789
29.6617895
28.38
29.7157895
28.6357895
28.8600001
28.917158
28.007368500000002
29.4
29.7157895
28.8915789
29.1157895
29.346
29.46
28.1562588
29.1217895
28.831579
28.351579
28.5757895
28.3445881
28.237579
29.323579
28.32
28.5473685
29.0240376
29.147368500000002
29.1463776
28.095789500000002
29.1217895
29.7157895
28.837579
29.323579
28.8915789
27.5017895
29.377578999999997
27.984947500000004
27.978947500000004
27.984947500000004
29.346
27.5273685
29.377579
29.6617895
28.925055
27.185372000000008
28.291579000000002
28.976527500000003
28.677852
27.189158000000003
27.3963475
28.439055000000003
28.782979100000002
26.8755825
28.394396899999997
28.777265500000002
27.668844500000006
29.516527500000002
27.924634099999995
27.043896000000004
26.9305265
25.136213100000006
27.015475000000002
26.850947500000004
24.8267425
27.2996854
25.59126450000001
26.390526500000007
25.959595900000004
25.463762900000003
25.7652635
26.848105500000003
25.611083100000005
26.362105500000006
25.225263500000004
26.017895000000003
25.026316
24.909473900000002
24.969474
26.848105500000003
25.680785400000005
25.51231600000001
25.969895
26.080737000000003
23.920737
22.183895000000003
24.6852635
24.023337
23.5825265
24.230526500000007
24.2273685
25.486737
25.199684500000004
25.228105500000005
22.086980200000003
24.167368500000002
22.042105500000005
26.3933685
24.770526500000006
24.287368500000003
24.144947500000008
24.741475100000002
23.789293600000004
25.5975453
24.767368500000003
26.489293600000007
24.429474000000006
22.610526500000006
24.173684500000004
23.374737000000003
24.2305265
24.486316000000006
23.641926500000004
23.889474000000003
24.7421055
24.997895
23.0936845
24.969474000000005
22.6634257
20.845263400000004
21.560971000000006
20.731579500000013
21.799820100000005
20.305263500000002
22.183111200000003
20.275742700000006
19.507903900000002
22.121053000000003
19.903425600000002
20.432451600000004
21.4736845
20.813684500000004
19.2810047
22.799215200000003
21.61263200000001
19.799127900000002
19.4447459
21.7160572
22.203158000000002
20.187636200000004
19.919879400000003
19.932632
21.324949000000007
20.895790000000005
21.584211000000003
21.665531200000004
19.935790000000008
19.367369000000007
18.392243700000005
19.051579500000006
19.907369000000006
21.123158500000002
19.588107
20.703158500000004
17.971265000000002
19.108737500000007
18.802106000000002
17.4915794
16.2694744
19.060737400000004
17.156526900000003
18.031265000000005
16.727369000000003
18.5178954
17.662420500000007
17.267054500000004
16.272003
19.910212500000007
20.418947900000003
17.8354755
17.287547900000003
18.631264900000005
18.773685000000004
18.876707400000004
17.89859980000001
18.767684900000006
18.224527000000002
17.946316500000002
18.062213500000006
18.676107000000005
17.803896500000004
19.62315850000001
18.258948000000004
18.99536900000001
17.253127000000003
18.477790000000002
19.000704800000005
19.01810600000001
16.42070600000001
17.141685000000006
18.051507200000007
17.051653500000008
18.160074500000007
17.003591500000006
18.521306000000006
16.752632500000008
17.50891650000001
16.531516500000006
17.743903400000008
17.429906000000006
15.053622000000003
16.8836535
16.446253500000005
17.313064000000004
17.047864000000008
17.59702200000001
17.043696700000005
15.9832125
16.258390500000008
17.376222000000013
16.495169500000003
18.6062535
18.324823000000006
17.783661400000007
18.39281150000001
18.762601000000007
17.920252100000006
17.35882200000001
18.407136400000002
17.75362210000001
19.124085000000008
18.939316500000004
17.802474500000006
18.993064000000007
17.630471900000003
18.078444000000005
17.450401000000006
16.940440400000004
16.384580000000007
17.432954100000007
17.402428500000006
17.537487700000007
18.456221900000006
17.8938285
17.583237800000013
18.112216800000006
18.107125900000007
18.978570500000004
17.47901940000001
18.61554690000001
17.95018410000001
20.27368500000001
20.181861400000013
21.02965450000001
22.52147550000001
20.993441400000002
20.273685000000008
20.63190180000001
21.004706000000006
19.39548240000001
18.617487600000004
19.671704400000007
19.790472900000008
20.186433500000007
19.696652900000007
20.761107000000003
18.831886
17.639054400000006
19.910093900000007
20.370824000000013
19.874116500000003
20.33794800000001
17.758137500000004
20.152327000000003
21.303096500000006
20.657337500000004
22.304148000000005
21.61882150000001
22.5852005
21.052675200000003
21.996221500000004
24.711127700000006
23.0222225
22.959442500000005
23.09523200000001
22.414295000000003
22.578884500000004
22.166811000000003
22.0466845
22.700494999999997
23.436284500000003
22.326253000000005
21.99230110000001
22.441521700000003
21.158457900000002
21.514765500000003
19.196716000000002
20.3410718
22.300101300000005
22.485695000000007
21.1052823
23.188295000000007
22.027744900000002
22.771516000000002
22.755355400000003
23.292505499999997
22.5661265
24.97534750000001
23.27033700000001
24.128683300000002
22.50297640000001
22.902537000000002
23.380926500000008
23.3457475
22.855358000000006
22.725957200000007
23.987179
22.763337
21.7261265
24.5281146
19.993955800000002
22.561576
21.728305500000005
21.2756538
21.643826300000004
25.826747500000007
23.601979
22.3453629
23.661979000000002
25.009987300000002
24.336158
25.088179
22.339898
25.3104
24.334358
25.657768500000003
24.771765900000002
26.101639000000006
26.743797800000003
26.469410500000002
24.388357999999997
25.332189500000005
25.812568499999998
26.2452
26.851579
23.6929558
26.016439000000002
24.178389399999997
24.838213
26.571127500000003
25.918858800000002
24.407207500000005
24.1641475
24.587368500000004
25.7273684
23.882617899999996
23.599168400000003
26.171966299999998
23.423336999999997
24.224776700000003
23.411336900000006
24.154828500000004
24.4987875
23.241410499999997
23.888779
25.249578999999997
26.162778900000003
24.5809558
24.428176800000003
27.3752495
25.2415895
23.8789895
26.5739685
26.3960495
24.6981789
26.945999999999998
22.712178999999995
23.433410499999994
25.069578999999997
25.5391275
24.753789499999996
25.174987299999998
23.484597799999996
23.7126
24.357127499999997
25.0326642
25.8006
25.0086
24.397199999999998
24.175579000000003
26.351999999999997
25.621578899999996
23.6886
23.223408300000003
23.112
22.14
24.426
25.168977599999998
27.077999999999996
24.6217895
23.7588118
25.386
23.049789500000003
25.278
21.317999999999998
23.8933216
24.619321599999992
23.306210500000002
23.64
23.156210499999997
23.3962105
24.3502105
24.3965978
22.712210499999998
25.300420999999996
26.166000000000004
26.2102105
24.410210499999998
23.1322105
24.072
23.879999999999995
25.858737
27.110210499999997
25.436210499999998
25.714421
26.285999999999998
25.06374
25.4842105
25.848000000000003
25.637999999999998
26.750210499999998
26.242259999999998
27.252
26.4011881
27.3006
27.3
26.82
25.44
27.96
27.6757895
28.095789499999995
28.014
27.84
27.9
27.54
26.9029776
26.76
28.56
27.54
26.88
27.2077895
28.14
27.432
29.1
28.68
28.08
28.32
28.9957895
28.02
28.74
26.94
28.935789500000002
29.76
29.7606642
29.22
29.16
28.92
28.62
29.5357895
29.64
28.254
29.040664200000002
28.904210499999998
28.7842105
29.4
28.108421
29.76
28.904210499999998
28.62
28.74
30.0
29.4
29.16
29.88
28.904210499999998
29.82
29.595789500000002
28.7848747
29.1006642
29.595789500000002
29.22
29.28
28.5757895
29.018049500000004
29.58
28.794
29.28
29.64
28.935789500000002
29.1
28.4557895
29.76
29.58
29.5042105
29.64
29.4757895
29.64
29.22
27.9442105
29.58
29.28
28.718049499999996
28.755789500000002
29.011579
27.8557895
28.08
29.16
27.6664705
29.04
27.8557895
28.711579
28.3957895
28.74
27.48
28.674
28.935789500000002
28.9957895
29.4757895
29.22
29.88
29.7
29.76
29.22
29.826
29.16
28.2849485
29.58
29.7
29.700664200000002
29.1151253
29.1
29.22
29.76
29.646
29.76
29.28
29.88
29.345399999999998
28.5606642
29.5357895
29.94
29.112316999999997
29.595789500000002
29.6557895
29.76
29.82
29.88
29.3842105
29.82
29.88
29.88
29.88
29.766
28.2697895
29.3842105
29.5357895
29.76
29.4757895
29.7
28.651579
29.012243200000004
28.9758633
29.595789500000002
29.071579
29.1
29.64
29.64
29.64
29.58
29.52
29.82
28.840738
29.46
29.58
29.52
29.52
29.04
28.974
29.2793358
29.58
29.64
29.438679899999997
28.38
29.04
29.76
29.1
28.680664200000002
29.04
29.28
29.58
28.8442105
29.274
28.492811900000003
29.76
29.7
29.88
29.4
29.94
29.82
29.94
29.94
29.82
28.794
29.94
29.82
28.8
29.22
29.82
29.740738
29.46
29.406
29.94
29.94
29.34
29.76
29.34
29.105999999999998
29.82
29.82
29.88
29.94
29.82
29.34
29.88
29.539261999999997
29.88
29.94
29.6242105
29.94
29.94
29.94
30.0
30.0
29.82
29.6557895
29.88
29.94
29.94
29.82
29.28
29.88
29.7157895
29.82
29.88
29.481476
29.481476
29.680738
29.001476000000004
29.82
28.910527499999997
29.680738
29.140738000000002
29.46
29.632138
29.740738
29.4849485
29.541476000000003
29.421476000000002
29.34
29.94
29.421476000000002
29.680738
29.080738
28.941476
28.935476000000005
29.601476
27.776214
29.092138
29.225686500000002
29.080738
29.740738
29.3479275
29.481476
29.6842105
29.4849485
29.620738000000003
29.421476000000002
28.900738
29.1056865
29.620738000000003
29.162214000000002
29.3356105
28.891958999999996
28.929159
28.789897
29.2509485
28.922214000000004
28.701476
28.8849485
28.269159
28.100558999999997
29.084940199999995
28.960485199999997
28.3064245
29.223537999999994
28.663536599999993
28.7470105
29.093612999999994
29.245191999999996
29.320738000000002
28.408420999999997
27.6714
28.872631499999997
28.9871009
28.633295699999998
29.0703485
29.008421
28.904210499999998
29.04
29.64
29.64
29.64
29.64
29.58
29.58
29.318679799999998
29.3928119
29.34
29.4
29.28
29.049789499999996
29.2728118
29.538597799999998
28.74
28.974
29.7
29.04
28.86
29.58
29.52
29.2957895
29.7
29.58
28.44
29.88
29.22
29.82
29.76
29.76
29.7
29.76
29.361189500000002
29.7
29.274
29.58
29.76
29.7
29.4757895
29.76
29.16
29.0983895
29.76
29.1
29.82
29.64
29.88
29.76
28.7017895
29.76
29.58
29.500738000000002
28.92
29.58
28.428
28.74
29.4
29.52
29.34
29.4
28.86
29.22
29.46
29.22
28.2157895
29.0557895
28.68
28.86
28.914
29.04
29.1
29.58
29.64
28.98
29.526
28.8157895
29.520664200000002
29.64
29.7
29.7
29.7
29.52
29.58
29.16
29.76
29.64
29.58
29.76
29.5042105
29.76
29.58
29.28
29.82
29.76
29.800738000000003
29.766
29.82
29.76
29.88
29.6557895
29.82
29.334
29.88
29.94
29.564210499999998
29.94
29.82
29.88
29.88
29.88
29.88
29.94
29.94
29.595789500000002
29.76
29.595789500000002
29.82
29.071579
29.251579000000003
29.595789500000002
29.6557895
29.88
29.94
29.1157895
29.595789500000002
29.94
29.595789500000002
29.595789500000002
29.595789500000002
29.88
29.4
29.595789500000002
29.5357895
29.595789500000002
29.251579000000003
29.700664200000002
29.82
29.454
29.88
29.34
29.88
29.251579000000003
29.5357895
29.191579
29.88
29.82
29.4757895
29.5357895
29.82
29.76
29.88
29.58
29.94
29.6406642
29.88
29.285999999999998
29.94
29.22
29.28
29.564210499999998
29.82
29.82
29.6557895
29.94
29.82
29.94
29.88
30.0
29.94
30.0
29.94
30.0
30.0
29.88
29.88
29.945999999999998
29.88
30.0
29.454
29.88
29.82
29.82
29.94
29.76
29.514
29.94
29.94
29.46
29.88
30.0
29.94
29.88
29.800738000000003
29.94
29.514
29.94
29.94
29.6842105
30.0
29.46
30.0
30.0
30.0
30.0
30.0
30.0
30.0
30.0
30.0
30.0
30.0
29.46
30.0
30.0
30.0
30.0
30.0
30.0
30.0
29.744210499999998
29.744210499999998
30.0
30.0
30.0
30.0
30.0
29.94
29.513999999999996
29.744210499999998
29.4
30.0
29.4
29.2255307
29.200738
30.0
29.4
30.0
30.0
30.0
30.0
29.744210499999998
30.0
30.0
29.8728119
30.0
30.0
30.0
30.0
30.0
29.46
29.945999999999998
30.0
29.514
29.7157895
30.0
30.0
29.94
30.0
30.0
29.94
30.0
30.0
30.0
29.514
29.514
29.7157895
30.0
30.0
29.872811900000002
30.0
30.0
30.0
30.0
29.872811900000002
30.0
29.945999999999998
30.0
30.0
30.0
29.1157895
30.0
29.744210600000002
30.0
30.0
30.0
30.0
29.7157895
30.0
30.0
30.0
29.800738000000003
30.0
30.0
29.769789499999998
30.0
30.0
30.0
30.0
30.0
30.0
30.0
30.0
30.0
30.0
30.0
30.0
29.46
30.0
30.0
30.0
30.0
30.0
29.94
30.0
29.46
30.0
30.0
30.0
30.0
30.0
29.7157895
29.7157895
30.0
29.7157895
29.661789500000005
30.0
29.377579
29.431579000000003
29.431579000000003
29.7157895
28.885579000000003
29.6557895
30.0
29.431579000000003
29.7157895
28.831579
29.6557895
30.0
29.431579000000003
29.147368500000002
29.88
29.371579
28.487368500000002
29.431579000000003
29.595789500000002
29.595789500000002
29.5417895
28.307368500000003
29.4943873
29.6557895
29.192243200000004
29.94
29.311579000000002
28.464947499999997
27.8905265
27.798947500000004
28.518947500000003
28.3989475
27.672316000000002
28.398947500000006
29.251579000000003
28.120737000000005
28.083158000000005
28.623158000000004
28.8473685
28.174737000000004
28.398947500000006
28.054737000000003
28.203158000000002
28.143158000000003
28.398947500000006
28.114737000000005
28.683158
28.114737
28.8103461
28.114737000000005
28.3989475
28.338947500000003
27.963158000000004
28.623158000000004
28.114737000000005
27.7105265
27.546316
27.770526500000006
28.114737000000005
27.830526500000005
28.174737
28.711579
27.770526500000003
28.863158000000002
28.158947500000004
29.131579000000002
27.994737
28.8473685
28.338947500000003
29.301789499999998
28.1873685
28.7333685
28.443158000000004
28.023158000000002
28.863158000000002
29.191579
28.7333685
29.251579000000003
28.967368500000003
29.4391895
28.9957895
29.311579000000002
28.9957895
28.427368500000004
28.651579
28.711579
29.0273685
28.263158000000004
27.947368500000003
28.203158000000002
28.863158000000002
28.803158000000003
29.257579
29.0273685
29.251579000000003
29.0557895
28.5473685
28.891579
28.203158000000002
29.4
29.371579
29.536453700000003
28.487368500000002
29.1157895
29.595789500000002
28.771579000000003
29.1757895
28.5473685
29.087368500000004
28.891579
29.4
28.5473685
29.087368500000004
29.1157895
28.831579
28.831579
28.291579000000002
28.803158000000003
30.0
29.147368500000002
28.831579
28.803158000000003
29.147368500000002
29.7157895
29.94
29.7157895
29.7157895
30.0
29.229789500000003
29.7157895
29.7157895
29.252243200000002
29.7157895
29.431579000000003
29.431579000000003
29.7157895
30.0
29.7157895
29.7157895
29.147368500000002
29.431579000000003
30.0
29.7157895
29.431579000000003
29.431579000000003
29.7157895
29.7157895
29.431579000000003
29.8206642
29.595789500000002
29.7157895
29.94
30.0
30.0
29.46
30.0
30.0
30.0
30.0
29.744210499999998
30.0
30.0
29.4
29.945999999999998
29.4
29.46
30.0
29.5086
29.46
29.7157895
30.0
29.94
30.0
30.0
30.0
30.0
30.0
30.0
30.0
30.0
30.0
30.0
29.94
29.6842105
29.744210499999998
29.7157895
29.488421
29.7157895
30.0
29.46
29.488421
29.002421
29.1442105
29.1502105
29.744210499999998
29.385820999999996
29.232631499999997
29.744210499999998
28.6642105
27.7412329
28.92
29.7157895
29.744210499999998
29.744210499999998
28.607368500000003
29.229789500000003
29.7157895
29.7157895
29.371579
29.7157895
29.7157895
30.0
28.92
29.4
29.7157895
28.831579
29.4
29.7157895
28.692317
29.431579000000003
29.46
29.46
29.8206642
29.46
29.431579000000003
28.6357895
29.46
29.4
29.1157895
28.351579
28.291579000000002
28.351579
28.891579
29.6557895
28.86
29.6617895
28.831579
28.891579
28.6357895
29.4
28.5757895
29.371579
28.291579000000002
29.4
28.891579
29.406
29.7157895
30.0
29.46
30.0
28.6357895
29.7157895
29.1757895
28.6357895
29.431579000000003
29.4
29.224389499999997
29.431579000000003
28.6357895
28.689789499999996
29.7157895
30.0
29.7157895
29.147368500000002
28.891579
28.578947500000005
27.783158000000004
29.377579000000004
28.294737000000005
27.9401804
28.891579
28.351579
29.431579000000003
28.607368500000003
28.607368500000003
29.1217895
29.431579000000003
28.323158000000003
29.147368500000002
28.231579
29.147368500000002
29.7157895
29.147368500000002
29.377579000000004
29.431579000000003
28.607368500000003
28.891579
28.5473685
26.390526500000007
28.863158000000002
28.863158000000002
28.294737000000005
28.578947500000005
28.297579
27.603822200000003
28.578947499999998
27.640737000000005
27.726316000000008
27.4165265
28.578947500000005
27.700737000000004
28.0673685
27.345758
28.323158000000003
27.583896000000003
27.470526500000005
27.498947500000003
28.803158000000003
28.706558
27.783158000000004
29.147368500000002
29.1757895
28.863158000000002
28.809158000000004
28.578947500000005
28.408106500000002
28.863158000000002
28.294737000000005
29.147368500000002
29.147368500000002
27.498947500000003
28.891579
29.147368500000002
29.0933685
29.093368500000008
28.891579
28.351579
29.431579000000003
28.863158000000002
29.1217895
28.863158000000002
28.578947500000005
29.147368500000002
28.1699685
30.0
29.323579
29.431579000000003
29.1217895
28.0929475
28.607368500000003
29.431579000000003
28.891579
29.147368500000002
28.1497895
28.351579
27.984947500000004
28.6357895
28.5533685
27.984947500000004
29.093368500000008
29.0727671
28.177896
28.607368500000003
27.214737000000003
28.038947500000003
27.388105500000005
27.6353685
29.147368500000002
29.945999999999998
29.431579000000003
28.863158000000002
28.809158000000004
29.147368500000002
28.809158000000007
29.431579000000003
29.431579000000003
28.809158000000004
27.837158
29.147368500000002
28.809158000000007
30.0
29.7845978
29.0933685
29.431579000000003
29.7157895
30.0
28.837579000000005
29.147368500000002
29.7157895
29.431579000000003
30.0
29.377579000000004
29.377579000000004
29.431579000000003
28.180737000000004
28.5533685
29.7157895
28.863158000000002
28.607368500000003
28.945579
28.891579
29.7157895
29.7157895
29.7157895
29.6671895
29.7157895
29.7157895
29.7157895
29.377579
29.013789499999998
29.6077895
29.6617895
29.7157895
29.6077895
28.8884537
29.658664199999997
30.0
29.838
29.892
29.945999999999998
29.837999999999997
29.892
29.837999999999997
29.945999999999998
29.945999999999998
29.886
29.6077895
29.892
29.406
29.945999999999998
29.892
29.945999999999998
29.886
29.892
30.0
29.6617895
29.945999999999998
30.0
30.0
29.945999999999998
29.744210499999998
29.945999999999998
30.0
29.6077895
29.351999999999997
29.783999999999995
29.945999999999998
29.837999999999997
29.892
29.945999999999998
29.892
30.0
30.0
29.945999999999998
29.892
29.945999999999998
29.945999999999998
29.892
29.945999999999998
29.6617895
29.945999999999998
29.94
29.886000000000003
29.94
29.945999999999998
29.94
29.945999999999998
29.945999999999998
29.945999999999998
29.94
29.7157895
29.945999999999998
29.945999999999998
29.46
29.8206642
30.0
29.744210499999998
30.0
30.0
29.514
30.0
28.7437895
30.0
30.0
29.334664200000002
29.514
29.514
29.514
29.229789500000003
29.514
29.46
30.0
29.514
30.0
28.832679900000002
29.514
30.0
29.088469399999997
29.574469399999998
29.7157895
29.6557895
29.7157895
29.945999999999998
29.520469400000003
29.4625275
29.252243200000002
29.945999999999998
29.229789500000003
28.4660484
28.661368500000002
28.6902589
27.751408199999997
28.2102589
28.5173925
28.073837900000004
29.377579
28.405579000000003
28.915791
29.290258899999998
28.459579000000005
28.746316999999998
29.473439699999993
28.7189006
29.318679899999996
29.489111100000006
29.147368500000002
29.520469399999996
29.118317
29.3317917
29.6617895
29.2378292
29.514
29.0060484
29.6617895
28.701158000000007
28.936768500000003
29.574469399999998
28.931368500000005
28.4993685
29.574469399999998
29.6617895
29.574469399999998
28.578947500000005
28.297579
28.898048400000004
29.4457895
28.914032700000003
29.121789500000006
29.244
28.280996900000005
29.166979
29.2205566
28.6357895
28.948923100000002
29.784000000000002
29.499789500000002
28.962317000000006
29.196469399999998
28.306811900000003
29.163149300000004
29.441359799999997
29.377579
29.838
29.601789500000006
29.128258900000002
29.451189499999995
27.791401200000006
29.229789500000003
28.17890060000001
28.945579000000002
29.283789499999997
29.460000000000008
28.874615100000007
29.460000000000004
28.732106500000004
28.922527500000005
29.206453700000008
29.622000000000003
28.891579
29.4966642
29.244
29.02800000000001
29.0305275
29.107579000000005
28.769368500000006
28.976527500000003
29.053579
29.229789500000006
28.945579000000002
29.283789500000008
29.499789500000006
29.215579000000005
29.561999999999998
28.845789500000006
29.513999999999996
29.24549169999999
28.877368500000003
29.142469400000003
28.851789500000006
29.621999999999993
29.13852750000001
29.053579
29.17578950000001
27.891158000000004
28.661368500000002
28.891578999999997
28.092947400000003
28.831579000000012
28.715368500000007
28.788556600000003
29.190000000000012
28.362317000000004
28.25395660000001
28.621579000000008
29.195400000000003
29.0628118
29.351999999999997
28.783579000000003
28.95978950000001
29.030527500000012
28.42231700000001
28.081578999999998
28.882738000000018
28.453265499999993
28.621579000000015
28.719924600000002
28.333505100000014
28.296243100000012
28.490527500000002
27.808736900000007
28.504738000000007
28.76297760000001
28.1700047
28.323046100000003
28.50852000000001
28.09050310000001
27.719357099999996
28.44678750000001
28.47796810000001
28.50078749999999
28.808049500000003
28.57397560000001
28.440309500000012
27.599052200000006
27.286985799999997
27.598021100000018
27.429964600000016
28.096816600000007
27.369238300000003
27.066557300000028
28.401715600000003
27.07214850000001
27.544025100000017
27.614763100000022
28.165632700000007
27.65700270000001
26.901080099999994
27.74723360000002
27.406103700000013
27.099433700000013
27.279717100000006
26.784552600000016
27.155373200000003
27.03883290000001
27.576428200000013
26.41586130000001
27.97357890000001
27.73873300000001
27.46873300000003
26.20973500000001
26.47925700000001
26.455900600000017
26.47041600000002
25.095462500000004
26.849611600000017
25.855813600000012
27.073150300000034
27.85656950000001
26.492131500000013
27.10784700000001
27.145418000000003
26.975795500000025
27.297158000000028
27.291158
26.657310000000006
26.868936000000012
27.093314900000017
25.95507270000001
27.545871600000012
27.33653350000002
26.749164000000018
26.288923100000012
26.40129710000001
26.64176760000001
26.621987500000014
26.82627350000002
27.22388840000001
27.071240100000015
27.440966000000017
27.468309500000004
27.097211000000012
26.46626250000002
26.219517000000007
27.131548499999997
27.183076600000017
26.488185100000013
26.11649460000001
27.522309500000016
27.463449500000024
27.389839000000002
25.913046500000018
26.341727500000015
25.791976000000023
26.581598000000007
26.11691700000001
25.676048500000007
25.744737000000004
27.18247300000002
27.030309500000026
26.404535800000012
26.34172750000002
25.40138350000002
26.37568550000002
26.921368500000018
25.765367000000015
26.012526500000003
26.659896000000007
26.35894750000002
26.393368500000015
27.178099000000017
27.10957900000001
26.54055800000001
26.96431700000001
26.775628500000018
27.093500500000015
26.516853200000003
26.518901500000013
26.58915800000002
26.352634000000016
26.78676710000001
25.99430840000001
26.37565500000001
27.052389500000007
27.1370577
27.31571560000001
26.999908600000012
26.375968500000017
25.266213800000013
26.30460350000002
26.213655000000013
26.22463260000001
25.43176150000001
26.41291700000001
26.4438655
26.575791600000006
26.868952000000014
25.00092520000002
26.23007600000001
26.94438950000001
25.764255000000013
25.68965360000001
25.44938810000001
25.524328900000004
26.354531000000005
26.685053600000007
26.489057200000005
26.346601200000013
25.80853100000002
25.88807600000001
25.14262600000002
27.14532750000001
24.781848000000018
26.19502800000001
26.486279500000013
25.077417500000006
26.636867600000006
26.611993000000002
26.030214000000004
23.903621600000005
24.79380130000001
25.933552000000013
26.035387500000006
25.52453930000001
25.725763800000017
24.940301600000016
24.70278730000002
24.921340100000016
25.94693910000002
25.007939300000018
26.484952000000007
26.011739500000008
26.75827720000002
24.967549800000015
24.543054900000016
25.166814000000013
23.73660570000002
24.90221400000001
23.957690000000017
25.454658500000008
23.75204450000002
24.98153800000001
25.020681200000013
26.108035300000015
25.934351000000003
24.799866800000007
25.538873800000015
26.06405360000002
26.11272750000001
25.65849400000002
24.85651500000001
25.646306500000016
26.091498100000017
25.239572000000017
24.60919300000002
25.537024900000016
25.900104300000017
25.166844500000014
25.248413000000017
23.09406250000001
26.196368400000015
26.106727500000016
26.15785500000002
25.517779000000015
25.59625300000001
25.767603500000014
23.623667500000014
24.97887360000001
23.744041000000017
25.697699600000014
24.838228500000014
24.73841300000002
24.940517000000018
23.275043500000017
23.87933150000002
24.442264500000018
24.28939200000002
24.773085500000015
23.61410350000002
23.396806000000023
23.803864200000017
23.006611500000016
24.109602000000017
23.18491550000002
22.72099800000002
23.34432650000002
23.501116100000022
22.319444700000016
23.732538500000015
22.59520100000001
23.251547600000013
22.576222000000016
23.697549000000024
23.92571460000002
24.37527450000001
24.57166400000002
25.366779600000015
24.076346100000013
23.101032500000017
23.594643000000016
24.23411770000001
24.195464000000015
23.119992000000014
23.43818910000001
22.974432500000017
22.736728000000017
22.770150500000018
22.079587700000015
22.138540000000024
22.253671600000015
22.896064600000017
20.899613100000014
20.087317800000022
21.064581500000017
22.734454500000016
22.13428480000001
20.469874700000016
21.339035300000024
22.669327800000016
20.89743400000002
23.585011800000014
21.81293830000002
22.458871700000017
21.560306800000017
19.66488730000001
20.910402300000015
20.46701970000001
19.674478600000008
22.184050100000007
18.652431300000014
20.557066400000007
21.628148300000007
21.99578150000002
20.881569900000017
20.420176100000013
21.026962400000006
19.53642420000002
20.351675000000014
19.37556000000001
19.5547182
19.23444350000001
19.893791300000004
21.17630650000001
20.100718200000014
18.87175680000001
19.44280030000001
19.995843500000014
18.786360000000002
19.064615200000006
19.26815810000001
20.451249300000008
19.44903950000001
20.07589420000001
19.386183500000016
21.102167400000017
18.966610600000013
19.72126870000001
18.69200430000001
20.94212640000001
19.482980700000013
19.36127570000001
19.365092800000014
19.01648450000001
18.820814900000006
18.15015320000001
18.062754500000015
18.08203420000001
18.264352500000008
17.75385380000001
18.177835900000005
18.044146600000012
18.698683500000012
16.98602680000001
17.901844700000012
19.527643300000005
17.714929000000012
17.48971010000001
18.07345360000002
17.020632400000007
18.394365600000004
17.093146200000003
15.829940500000005
17.711481800000012
18.000723300000004
17.813851900000003
17.07936820000001
17.12632500000001
18.307934100000015
17.402401100000006
17.495375100000008
18.450837500000013
16.9501145
17.48260700000001
18.660093700000008
17.882312300000013
16.36488770000001
17.1232204
16.479423500000006
18.03900990000001
17.218738000000013
17.520723300000014
16.87311420000001
15.78711420000001
15.567881300000009
15.718512800000008
17.211324700000006
15.572714800000007
16.310075700000013
16.085460300000012
15.77279140000001
15.575294600000008
16.921431200000015
15.427505100000008
15.98810650000001
16.842482700000012
16.330903700000007
16.171039300000007
16.55827220000001
15.95827220000001
15.399084100000007
16.42367080000001
16.68371560000001
15.885084100000007
16.028302300000004
15.600873600000007
15.473685500000009
16.09469320000001
15.810482700000007
15.489293200000006
16.26490370000001
16.16788130000001
16.726374900000007
15.840384600000009
16.360512800000006
16.164723300000002
17.08628760000001
15.603490400000013
16.48544180000001
16.093279900000006
16.26523510000001
16.010858900000006
15.698630200000007
15.815069400000006
15.393099500000003
16.13804700000001
16.390678500000007
15.912091800000006
16.51927990000001
16.42367080000001
16.407968600000007
15.46595620000001
15.734008300000005
15.017535200000006
15.486852800000008
15.287926100000007
16.107881300000013
16.139460300000007
16.459505100000012
15.885084100000011
16.17103930000001
15.47227220000001
16.525279900000005
14.993369500000005
16.538471500000007
15.626468000000004
16.05553990000001
16.013700900000007
16.16319890000001
17.07799870000001
16.344091800000008
16.113881300000006
16.89009180000001
16.64821270000001
16.227881300000007
16.914257500000005
16.528437900000014
15.283670800000007
15.769670800000002
16.885836500000007
16.607294600000003
15.872693200000006
16.24248270000001
16.87170090000001
16.367343200000008
16.25851280000001
15.982437900000006
16.44711420000001
16.504272200000013
15.534166700000005
17.988557600000007
17.232965100000015
16.920889700000004
16.96469320000001
16.702903700000007
16.54588130000001
16.768844900000012
16.484634400000008
16.673235800000008
16.44302530000001
16.16307010000001
16.824258200000013
16.703070100000005
17.384806800000007
17.351926100000014
15.918091800000008
17.76459660000001
16.64057560000001
16.892777000000013
17.637408500000014
17.06771560000001
17.310644900000007
17.13443440000001
17.544688300000008
16.76431700000001
16.82605820000001
17.096136600000012
16.818217800000006
17.479114200000016
17.307159000000013
16.84894850000001
18.052859800000007
17.82833250000001
17.940242800000007
17.042136600000006
17.812347100000007
16.83750510000001
17.993535200000004
17.86634710000001
16.847765100000007
16.831505100000008
17.454948500000004
17.582136600000005
17.170738000000007
16.850453300000005
17.55655760000001
17.364687100000005
17.55982320000001
17.545580000000005
17.37536950000001
17.170738000000007
18.199580000000005
17.92034710000001
18.145580000000006
17.685159000000006
17.68515900000001
16.76431700000001
16.71031700000001
17.00316260000001
17.659580000000012
18.145580000000006
17.291499000000012
17.05753270000001
16.568941000000006
16.155508700000013
16.48010650000001
17.697920000000007
17.83579050000001
17.209872700000005
17.575709500000006
16.79268100000001
18.04889150000001
18.023312500000003
18.848972500000006
18.334892500000006
19.272396299999997
18.14842200000001
18.158341000000004
17.8642115
17.04847050000001
17.994891500000012
19.60003110000001
18.320284000000015
18.685523000000003
18.4553125
19.060365000000004
17.793102
18.49649450000001
18.726705000000003
20.000025
18.884154500000008
19.486655499999998
19.913596500000004
20.2969965
20.690656499999996
20.596866999999996
20.884605600000004
20.927628
20.149207000000004
21.381287999999998
20.854106
21.288947999999994
21.7479195
22.302130000000002
21.1667375
21.107337500000003
20.538316499999993
22.005158499999993
23.264210999999992
21.573158499999995
23.494421499999994
21.51315849999999
22.31778999999999
20.396527000000006
21.768948
21.895708999999993
21.895708999999997
22.80379
22.596000499999988
22.356470999999996
23.028000499999994
21.422526999999995
21.959968999999997
21.819789999999998
21.342947999999996
20.609685
21.530527000000003
22.451368999999996
21.422527
20.3592955
20.765716500000007
21.070106000000006
20.967506000000007
20.217474500000005
20.805506
20.044106000000003
21.166737499999996
21.422527000000006
19.0998955
21.070106000000006
20.271474500000007
19.133183000000002
19.811053500000003
19.955685000000003
19.907685000000008
19.097370500000007
19.634843000000004
20.16347450000001
20.299895499999998
20.1609165
21.1769975
20.6523165
19.731474499999997
20.772359900000005
18.901263999999998
20.186495500000003
21.936947999999994
19.1854745
20.1318955
20.191895500000005
20.137265
19.5603165
20.308106000000006
19.0143165
18.655548
17.57554800000001
19.790527000000008
20.6238955
19.531895500000005
20.571789999999993
20.949715100000002
19.792421499999996
19.7955795
20.682947999999996
20.682947999999996
19.061925600000006
20.108210999999997
20.386771199999995
20.711368999999994
21.203369
22.26378999999999
21.803369000000004
20.998737499999997
20.771369000000004
22.075611
21.427579499999997
21.180348000000002
20.140737500000004
20.0037165
20.422106000000003
20.773926999999993
21.689368999999992
19.304526999999997
20.918558499999996
22.23536899999999
21.61519
21.288348
22.425868399999995
22.529839499999998
21.851369
22.0403405
22.519579499999992
21.8121773
21.456000499999995
21.776842499999997
20.856000499999997
21.513158499999996
22.95947399999999
21.79736899999999
22.138106999999994
22.488000499999995
21.771789999999996
23.463442499999992
22.971442499999988
22.724211
22.292210999999998
22.778210999999995
23.929263499999987
22.724210999999997
23.178632000000004
22.058527999999992
22.4698395
22.23536899999999
22.980000499999996
22.900421499999997
22.033579500000005
22.695789999999988
22.69578999999999
20.447685000000003
21.774948
20.7318955
22.23536899999999
21.422527000000006
22.0591585
21.797369
21.368527
21.5987375
19.47568500000001
20.393685
19.441264000000004
21.1855041
20.751083600000005
20.667635499999996
21.308823100000005
20.6238955
20.273718700000003
20.031004000000006
21.236662100000004
21.1280565
19.933263999999998
20.139609500000006
21.362526999999996
20.6983762
21.089716499999998
21.2366621
21.1850817
19.600738700000008
20.13189550000001
21.03529409999999
20.854105999999998
20.854105999999998
20.362106000000004
20.205083599999995
22.926000499999997
21.573158499999998
20.856948
22.052925399999996
21.846391399999998
22.762550999999988
21.803368999999996
23.210210999999994
22.841457300000002
21.9678965
24.415263499999988
23.264211
23.00842149999999
22.954421499999988
21.766389999999998
23.034000499999998
22.749789999999994
23.90084249999999
21.774948000000006
22.80379
22.760049999999996
23.034000499999994
22.4655795
22.38000049999999
21.087158499999997
22.25839
24.077052999999992
21.723790000000005
22.35442149999999
23.784031999999993
21.979579499999996
22.69578999999999
22.954421499999988
22.5224215
23.15621099999999
22.317789999999995
24.474632999999987
21.77779
21.087158499999987
22.292210999999995
22.92600049999999
21.640270699999995
22.670210999999995
21.573158499999998
21.723789999999994
21.845870999999992
23.237099999999995
22.9828425
21.723789999999997
22.724210999999986
21.382421499999996
22.0566005
22.53268149999999
21.698210999999997
21.97957949999999
21.47936899999999
21.453790000000005
20.018527
20.353895500000007
21.422527
21.939192199999997
23.184631999999986
23.60242149999999
21.825789999999994
21.703579499999996
20.737579499999995
22.488284499999985
22.346210999999993
21.6015795
19.793369
21.369952199999997
22.365473999999995
23.090842499999994
23.078842499999986
20.369531199999994
21.001579500000002
22.980000500000003
22.317789999999995
23.041102499999997
20.765369
22.408421499999996
21.530502000000002
20.282527
21.57315849999999
20.998421499999992
19.611158500000002
20.128845
20.796317499999997
21.339789999999997
21.1007375
21.627158499999997
20.384527000000006
20.819968999999997
20.5667375
21.368527
22.033579499999995
20.609792499999998
19.878948
21.490421499999993
22.155189999999994
20.959547999999998
21.646737499999993
21.627158499999997
20.476105999999994
20.302139699999998
22.087579499999993
21.828948
21.317368999999996
21.0015795
22.954421499999995
20.825369000000002
22.371789999999997
24.099473999999987
23.090842499999994
24.03726349999999
24.267473999999993
23.184631999999993
23.321052999999992
22.781052999999996
23.357684499999987
24.361263499999993
24.601733999999993
24.329684499999995
23.886631999999995
24.79954649999999
24.44908449999999
23.349159499999992
23.778631999999995
24.703424499999993
23.72463199999999
24.008842499999993
24.23905299999999
23.86105299999999
23.792842499999995
24.983684499999985
24.77589499999999
23.025159499999994
25.236315999999984
22.732421499999997
23.74705299999999
23.58821099999999
24.509052999999984
24.86147399999999
24.347052999999992
26.688947499999987
25.375894999999986
24.321474
24.698024499999992
24.140782599999987
23.4031595
24.523263499999988
25.012105499999983
24.66221199999999
23.495840499999996
24.483473999999987
24.765344499999987
23.814980499999994
24.861473999999983
23.88663199999999
23.436470999999994
22.343368999999992
23.454631999999997
23.318210999999998
24.46926349999999
22.519579499999992
23.778631999999988
22.926000499999997
23.616631999999992
24.18505299999999
22.857789999999994
23.43957749999999
23.12270449999999
24.82168449999999
24.443684499999986
24.92968449999999
24.97768449999998
24.065684499999993
23.988123499999993
24.89810549999999
23.92326349999999
25.674315999999987
24.289894999999987
24.021603499999998
24.72789499999999
24.324315999999985
25.06610549999999
24.577263499999994
23.591052999999985
25.475053999999982
25.002872599999993
24.12249499999999
24.30726349999999
24.727894999999986
25.36452649999999
24.262073999999995
24.239052999999995
25.213894999999983
22.747232
25.390105499999986
24.108884499999984
24.92968449999999
25.566315999999983
24.591473999999984
24.82168449999999
24.699473999999988
25.134315999999984
25.05189499999999
24.25181399999999
24.71866209999998
25.228105499999984
23.76126349999999
25.051894999999988
25.458315999999982
25.918736999999982
26.48715799999998
26.14894749999998
25.02631599999998
24.796105499999985
24.486315999999984
24.05147399999999
24.511894999999985
25.48673699999998
24.462154999999985
25.133718199999986
24.74210549999999
24.997894999999986
24.537473999999985
25.051894999999988
24.625294999999987
24.82168449999999
24.997894999999982
23.619473999999986
24.183034999999986
24.079894999999983
23.85252649999999
25.20252649999998
25.026315999999984
25.742526499999986
24.744947499999988
25.35852649999999
24.10831599999999
25.080315999999986
24.312947499999982
24.54031599999998
24.092232499999987
24.77052649999998
24.136736999999986
24.70163099999999
24.43273949999999
25.594051999999987
25.648736999999983
25.054736999999985
24.983968499999982
24.779160499999985
25.135162999999984
24.07332399999999
23.18431599999999
24.734849499999985
24.041375999999996
23.580075299999994
24.51558399999998
24.893160499999986
24.37316299999999
24.207212499999986
24.875684499999988
24.941367499999984
24.815684499999993
24.26576299999999
23.893834099999985
23.444110499999987
24.569583999999985
23.446952499999988
24.058004999999994
24.893160499999986
24.436004999999987
25.108736999999984
23.08515799999999
23.233870499999984
24.85294749999998
23.84158149999999
25.304981499999982
23.079459099999987
24.02031949999998
24.706428499999994
23.852526499999986
24.17936849999998
24.194002499999982
22.19600249999999
23.72758149999998
24.11442349999998
22.340526499999992
24.529370999999987
24.74238949999998
24.87084699999998
25.85379199999998
24.927918999999978
23.51527049999999
24.881791999999983
26.250114999999983
25.10105749999998
25.101057499999982
25.587057499999982
26.121657499999973
26.209901999999985
26.735267999999973
26.515317499999984
27.254633999999978
27.368633999999975
26.42999999999998
26.789267999999975
26.647023499999975
26.90633999999998
25.80263399999998
26.774633999999974
26.561335799999974
26.396633999999978
26.867999999999974
26.828633999999976
26.445233999999978
27.26063399999997
26.327999999999978
26.303267999999974
26.774633999999974
26.704535999999976
26.686245599999975
25.959057499999975
27.353999999999974
27.26063399999997
26.695901999999982
26.656535999999974
26.28863399999998
26.735267999999984
26.85250199999998
27.275267999999972
27.121901999999974
26.85250199999998
26.789267999999975
27.27526799999998
27.235901999999978
26.774633999999974
26.735267999999973
26.735267999999976
26.71053599999998
26.735267999999976
26.828633999999976
27.221267999999977
27.103169999999977
27.14253599999998
26.571803999999975
25.347933499999982
25.716875999999978
26.635901999999977
25.781135999999982
24.495071999999983
25.059803999999986
25.599803999999985
24.016468199999984
26.10643799999999
24.631901999999982
26.551169999999974
26.517803999999984
25.34895949999998
25.40341559999998
25.38424199999999
26.381841099999992
25.074437999999976
25.150094899999985
25.851495499999995
25.163705999999983
25.041071999999982
25.394501999999985
23.803169999999987
26.24326799999998
25.96770599999999
25.69916999999998
24.98107199999998
25.953071999999977
26.459705999999994
24.760271999999997
25.97370599999999
25.462973999999996
24.673169999999978
25.649705999999988
26.22453599999998
24.20503799999998
25.620437999999975
25.527071999999976
24.85644399999999
25.51567199999998
25.74349549999998
24.535739999999997
24.804875999999975
24.706535999999982
25.13853599999998
25.089071999999984
25.43633999999999
24.95282749999998
25.967705999999986
25.521071999999986
26.09180399999998
26.218535999999986
26.671169999999975
26.55307199999999
26.881607999999986
26.395607999999985
25.195675799999986
25.19442039999999
26.577803999999972
25.590305999999988
25.661467499999986
27.157169999999972
25.90420799999999
26.434973999999983
25.30694249999999
26.43907199999999
25.95933349999999
26.356241999999984
25.824875999999986
26.277509999999978
25.25151
25.540679999999995
26.356241999999973
26.533739999999987
25.670979999999986
26.105412000000005
26.095314000000002
26.2338876
26.125446
26.832144
25.59467999999998
25.620009800000002
25.14804599999999
26.066045999999986
26.115671999999996
26.13468
26.67014399999999
26.159412000000007
26.55204599999999
25.295411999999995
26.653613499999977
26.150339999999982
25.495475999999993
25.525607999999988
26.031044199999993
25.48477859999999
25.6567001
25.406203700000002
26.47287659999998
26.20271459999999
25.55487659999999
25.737334099999984
26.717383199999983
25.47169419999999
25.57472079999998
26.046276599999988
26.52833999999998
26.34759349999998
25.558650599999993
25.63985559999999
25.73938299999998
26.06382349999998
25.864666099999987
26.524650999999995
25.95170869999998
25.816066099999993
25.703953599999977
25.141447199999988
26.16831119999999
26.910276599999992
26.12996809999998
25.925853499999974
26.125008599999983
25.159593499999986
24.559593499999984
25.630959499999985
25.600827499999983
26.23916999999998
24.33452209999998
24.127432099999993
23.74095949999999
25.365071999999984
24.33981949999999
24.02386859999998
24.109663499999982
24.81497819999998
24.382978199999982
24.335982599999987
25.03161459999998
24.61527459999999
24.496697999999984
24.445608599999986
24.318276599999987
23.587331999999982
25.55844399999999
25.26554399999998
25.110552999999985
24.69233999999999
26.503607999999996
24.54497399999999
25.353482299999982
26.50447199999998
26.842241999999988
26.341607999999983
26.474339999999984
26.23916999999998
26.380973999999974
26.67116999999999
26.135705999999995
25.50557399999998
26.474339999999994
26.012207999999983
25.620437999999986
26.081705999999976
27.17180399999998
26.121071999999977
26.47433999999998
26.29316999999998
26.416227499999977
26.538437999999978
27.063803999999973
26.14050819999999
26.346572199999986
26.512679999999985
26.596973999999978
27.10316999999998
26.725169999999977
26.96632549999998
27.059691499999985
27.171803999999984
27.028959499999978
26.465691499999977
25.754191299999984
26.656535999999978
26.872959499999983
27.196535999999977
26.474325499999978
26.803901999999976
26.892893999999984
26.66521099999997
27.138423499999977
26.47081299999998
27.13842349999998
26.339368499999978
26.814846999999975
26.646423499999983
26.455578999999975
25.926538499999992
26.34263399999998
25.87211499999998
26.329693999999986
25.494538499999987
26.883480999999982
26.583186999999988
25.12131899999999
25.49804849999998
25.91174359999998
25.266021999999985
24.392347499999993
23.57226759999999
24.51967949999999
25.305829599999985
23.759742499999994
24.863452
24.256778999999987
24.56315799999999
23.142633999999994
24.524817999999993
23.747173599999996
24.01535649999999
24.55819849999999
24.948430999999992
24.15587549999999
23.571285999999997
24.91600249999998
25.035406099999985
25.278768499999984
25.75675249999999
24.526440499999985
24.52704359999999
25.100541999999987
24.775254499999992
24.024432099999984
24.615959099999987
25.053696499999987
25.47397669999999
23.897583999999988
25.65787049999999
25.466949999999986
25.766983699999983
25.278514299999983
24.619296099999996
24.449922599999983
24.92094999999999
25.966736999999984
26.27276959999998
25.867370999999984
25.520263999999983
26.011064899999983
24.66865599999999
26.25094749999998
24.793210099999982
26.007945499999977
25.989157999999986
26.044346099999988
25.718526499999985
26.40157899999998
26.411074499999987
26.05549659999998
26.81936849999998
26.156308499999987
27.04957899999998
26.935578999999983
26.65736849999998
27.001578999999982
26.10915799999998
26.82536849999998
25.92827069999998
26.310947499999983
25.36410409999999
25.756736999999994
26.72234609999998
26.163157999999985
26.649157999999986
26.492135599999983
26.897107099999985
25.937925099999983
26.98736849999998
26.310947499999983
26.83034609999998
27.05557899999998
26.13876389999998
26.481157999999983
27.023999999999983
27.109578999999986
26.285368499999983
26.148947499999984
26.08571459999999
26.06652649999999
25.665757999999986
26.364947499999985
26.369925099999982
26.43813559999998
26.668346099999976
26.541157999999985
26.771368499999983
26.02673699999999
25.49455659999998
25.950283299999978
26.20792509999999
25.87894749999998
26.310947499999983
26.976722299999977
26.279368499999983
26.715918999999985
26.541157999999978
27.413399999999974
26.825368499999982
26.231368499999984
26.825368499999982
26.68753419999998
26.46157899999998
26.825368499999986
26.026736999999994
25.921578999999983
26.27996849999998
27.068767099999977
27.05557899999998
26.687534199999973
27.231789499999977
26.02957899999998
26.401578999999984
27.11778949999999
26.17736849999998
26.947578999999983
25.97017899999998
27.128767099999983
26.947578999999983
26.825368499999986
26.614346099999985
26.02673699999999
26.43315799999998
26.276135599999986
26.074346099999985
25.280692199999987
26.12834609999998
26.099925099999982
26.045925099999977
25.40115799999999
25.667925099999984
26.202947499999983
26.06336849999999
26.424599999999987
27.12378949999999
26.92199999999998
27.12378949999999
27.16926419999998
26.764977599999984
27.407999999999983
26.80799999999999
27.35399999999998
26.66195519999998
27.099355199999987
26.80331759999998
27.304977599999983
27.250977599999988
27.35399999999998
27.19697759999999
27.196977599999972
27.196977599999983
26.583789499999984
27.123789499999976
27.299999999999976
26.867999999999984
26.267999999999983
26.80799999999998
26.807999999999975
26.980802199999985
27.069789499999988
26.207999999999984
26.20799999999998
26.867999999999974
26.807999999999982
26.747999999999976
26.813999999999975
26.80799999999998
26.813999999999982
26.27825999999998
26.81399999999998
26.218259999999983
26.764259999999982
26.80799999999998
25.27859999999998
25.715999999999976
26.764259999999975
25.71599999999998
25.71599999999998
26.414339999999974
23.630339999999983
24.08399999999998
25.72139999999998
26.267999999999976
23.591999999999985
25.17599999999998
24.08399999999998
24.459789499999978
25.17599999999998
26.261999999999976
26.037789499999977
24.68399999999998
23.65199999999998
24.629999999999978
24.629999999999978
24.923335799999975
23.549399999999977
21.910259999999983
22.76178949999998
24.00013509999998
24.66792159999998
25.01387049999998
22.93739999999998
23.477999999999984
22.86438949999998
24.02399999999998
24.95604949999998
25.115999999999982
23.96897759999998
24.73199999999998
22.98599999999998
21.893999999999984
22.99199999999998
22.991999999999983
23.477999999999984
22.991999999999983
25.27859999999998
23.597999999999978
23.53799999999998
25.115999999999982
25.721999999999976
25.66199999999998
24.13799999999998
24.617999999999984
25.229999999999983
24.569999999999983
24.083999999999982
26.20799999999998
24.79259999999998
26.807999999999975
26.753999999999976
26.747999999999976
25.781999999999975
26.807999999999975
25.43850829999998
25.16999999999998
25.71599999999998
26.062737999999978
26.26199999999998
26.26199999999998
26.81399999999998
26.26799999999998
26.272259999999978
26.586597799999982
26.20799999999998
26.53140219999998
26.63178949999998
26.315999999999978
26.691789499999977
26.861999999999977
26.207999999999974
26.207999999999974
27.347999999999978
26.31599999999998
25.823999999999977
27.316737999999976
26.685789499999977
26.818259999999977
26.261999999999976
26.80799999999998
27.353999999999974
26.80799999999998
26.453705999999976
26.32855429999998
27.461999999999975
26.969999999999978
27.177789499999975
27.036469299999975
26.267999999999976
26.654810499999975
26.42999999999998
27.353999999999974
27.353999999999974
27.407999999999973
27.305399999999974
26.861999999999977
26.844978999999977
27.46199999999997
26.321999999999974
27.029999999999976
27.251399999999972
26.380799999999976
26.807999999999975
26.15658949999998
27.41825999999997
27.305399999999974
26.878799999999977
26.441399999999977
26.98625999999998
27.364799999999974
26.727059999999973
26.916599999999974
27.305399999999977
26.921999999999972
27.353999999999974
27.13259999999998
26.975999999999978
26.867999999999974
27.299999999999972
26.921999999999976
26.960339999999974
27.209335799999977
27.407999999999973
26.921999999999976
27.353999999999974
27.407999999999973
26.423999999999978
27.407999999999973
27.623999999999974
26.975999999999978
27.275529499999976
26.637789499999975
26.543402199999978
27.299999999999972
27.353999999999974
27.074049499999973
27.461999999999975
27.014339999999976
27.192423499999975
26.652423499999976
27.299999999999976
26.867999999999974
27.40799999999998
27.299999999999972
26.916599999999974
26.577789499999977
27.353999999999974
27.293999999999972
27.353999999999974
26.317317599999978
26.813999999999975
27.299999999999976
26.33297759999998
27.353999999999974
27.299999999999972
26.489999999999977
26.867999999999974
26.32075299999998
26.867999999999974
25.916519999999977
25.92157899999998
25.889999999999983
27.353999999999974
26.867999999999974
26.921999999999976
27.412977599999977
26.11199999999998
26.64659999999998
27.515999999999977
26.54399999999998
26.631965999999974
26.05799999999998
26.921999999999976
25.619999999999983
25.99799999999998
27.515999999999977
27.407999999999973
25.35204949999998
26.980859999999975
26.915999999999976
26.970599999999976
26.376599999999975
26.867999999999974
26.91659999999997
26.86259999999998
26.425199999999972
26.489459999999976
26.146389499999977
26.970599999999976
27.239999999999974
25.604399999999973
26.571920199999976
25.87919999999998
27.353999999999974
27.461999999999975
25.955340199999974
26.479199999999977
26.881170599999972
26.862599999999976
27.299999999999976
26.48459999999998
26.862599999999976
27.353999999999974
26.813999999999975
26.813999999999975
27.154737999999973
27.353999999999974
27.069789499999974
27.154737999999973
27.299999999999976
26.267999999999976
27.208737999999975
26.921999999999976
27.154737999999973
26.383077999999976
27.154737999999973
27.347999999999974
27.208737999999975
27.214137999999977
27.214137999999977
27.214137999999977
27.148737999999977
26.867999999999974
27.19673799999997
26.82425999999997
26.145475999999977
27.208737999999972
26.921999999999976
26.902073799999975
27.262737999999977
26.867999999999974
27.154737999999973
27.299999999999972
27.154737999999973
27.407999999999973
27.154737999999973
26.813999999999975
27.154737999999973
27.293999999999972
26.833265499999975
27.154737999999973
27.069789499999978
26.938140199999975
27.154737999999973
26.636337799999975
26.267999999999976
27.299999999999972
26.813999999999975
26.753999999999973
24.93467999999998
26.753999999999973
26.747999999999976
24.999789499999977
26.136664199999977
26.20799999999998
24.569999999999983
25.667399999999976
25.397402199999977
25.235999999999976
26.321999999999974
25.661999999999974
26.261999999999976
25.229999999999976
24.19199999999998
25.169999999999977
23.64599999999998
24.73799999999998
24.67799999999998
24.19199999999998
25.169999999999977
24.30659999999998
25.08473799999998
25.283999999999978
24.68399999999998
25.715999999999976
24.19199999999998
25.76999999999998
25.992599999999978
27.310259999999975
24.79799999999998
24.077999999999978
25.655999999999977
24.623999999999977
24.93978949999998
26.315999999999978
24.569999999999983
24.13799999999998
24.97073799999998
25.709999999999976
25.115999999999975
25.775999999999975
25.721999999999976
25.66199999999998
25.775999999999975
25.76999999999998
25.715999999999976
25.485789499999978
25.38719999999998
26.813999999999975
26.261999999999976
26.646597799999974
27.053705999999973
25.781999999999975
26.747999999999976
27.299999999999972
26.753999999999973
27.299999999999972
26.813999999999975
27.299999999999972
26.207999999999974
25.66199999999998
26.807999999999975
26.926859999999973
26.81399999999998
26.975999999999978
26.321999999999974
26.315999999999978
26.807999999999975
27.407999999999973
27.047335799999978
27.299999999999972
26.81399999999998
27.407999999999973
26.975999999999978
26.862599999999976
27.123789499999976
27.299999999999972
26.867999999999974
26.753999999999973
27.31025999999997
27.407999999999973
26.975999999999978
27.123789499999976
27.069789499999974
26.15178949999998
26.947578999999976
26.145789499999978
27.299999999999972
27.353999999999974
27.299999999999972
26.38199999999998
25.934339999999974
26.893578999999978
26.755451699999977
27.069789499999974
27.029999999999976
27.177789499999975
26.56957899999998
26.25978949999998
26.54399999999998
26.02957899999998
25.745368499999977
26.30778949999998
25.69136849999998
26.48263899999998
26.859612999999978
26.304556599999977
25.23691479999998
26.893578999999978
25.985838999999977
25.88178949999998
25.16810649999998
25.80476849999998
25.284378999999987
24.79297899999998
25.90136849999998
25.44978949999998
26.245578999999985
26.947578999999973
26.546557999999976
25.53757899999998
25.95425999999998
25.773789499999975
26.191578999999983
25.214178999999987
26.313789499999974
25.597578999999982
25.219578999999985
25.57199999999998
24.855789499999982
25.827789499999977
25.82778949999998
23.36541799999999
25.619999999999983
24.597157999999983
25.651578999999984
25.97557899999998
25.881789499999982
25.367368499999984
25.515157999999982
25.543578999999976
25.82636649999998
25.37617899999998
26.14010649999998
24.676736999999985
25.76778949999998
25.131157999999985
24.285388299999987
25.500316999999985
25.102736999999987
25.355685499999986
22.30575799999999
24.38589599999998
23.92294749999998
23.814947499999985
25.500947499999985
24.240947499999983
22.090105499999996
23.576526499999986
22.916526499999986
24.60852649999999
24.918423499999985
24.891714599999982
23.26673699999999
26.08073699999998
25.359391099999986
23.92610549999999
24.72421299999998
24.969157999999982
24.01673699999999
24.232136999999984
25.28715799999998
26.11736849999998
25.049700599999984
24.249157999999984
25.139368499999982
25.747578999999977
26.63178949999998
26.347578999999982
24.85515799999998
24.072947499999987
25.31557899999998
25.26157899999998
24.883578999999983
24.223578999999987
24.485368499999982
24.519189499999978
25.479789499999978
25.545789499999977
23.548576999999987
26.091789499999976
24.64957899999998
22.639578999999983
23.233417999999986
25.06720749999998
25.37273699999998
25.88715799999998
25.244135599999982
25.88715799999998
26.11736849999998
25.887157999999978
25.57136849999998
24.85515799999998
26.583789499999977
26.148316999999977
25.40115799999998
25.893157999999982
26.379157999999983
25.835999999999977
25.97557899999998
25.06578949999998
25.61434749999998
25.691368499999975
27.177789499999975
26.60936849999998
26.20831699999998
26.893578999999978
27.407999999999973
27.353999999999974
27.177789499999975
26.691789499999977
26.947578999999976
27.177789499999975
27.190977599999975
26.637789499999975
26.583789499999977
27.347999999999974
26.435999999999975
26.813999999999975
27.461999999999975
27.123789499999976
27.299999999999972
26.813999999999975
26.893578999999978
27.316737999999972
26.839578999999976
26.839578999999976
27.069789499999978
27.063789499999974
27.407999999999973
27.069789499999974
26.637789499999975
27.299999999999976
27.310259999999975
27.123789499999976
27.123789499999976
26.921999999999976
27.401999999999976
27.069789499999974
26.867999999999974
27.206210499999976
26.327999999999975
26.381999999999977
26.753999999999976
26.435999999999975
27.407999999999973
26.583789499999977
27.299999999999976
25.792977599999976
27.407999999999973
26.921999999999976
25.895999999999976
25.835999999999977
26.435999999999975
26.327999999999975
26.43599999999997
26.813999999999975
25.943999999999978
26.430599999999977
27.353999999999974
27.407999999999973
26.42999999999998
26.321999999999974
27.029999999999976
26.867999999999974
26.807999999999975
26.74578949999998
26.921999999999976
27.407999999999973
27.299999999999972
26.753999999999973
26.867999999999974
27.202737999999975
27.353999999999974
27.299999999999976
27.261659999999974
26.321999999999974
26.753999999999973
27.353999999999974
27.299999999999976
27.353999999999974
26.926859999999973
27.407999999999973
27.191402199999974
26.861999999999977
27.261659999999974
26.975999999999978
27.407999999999973
26.813999999999975
27.407999999999973
27.461999999999975
27.46199999999998
27.192597799999977
26.916599999999974
27.407999999999973
26.867999999999974
27.461999999999975
26.435999999999975
26.861999999999977
27.461999999999975
27.350049499999976
27.407999999999973
26.42999999999998
27.41825999999997
27.407999999999973
27.177789499999975
27.299999999999976
26.86799999999998
26.975999999999978
27.515999999999977
27.46199999999998
27.40799999999998
26.915999999999976
26.915999999999976
26.637789499999975
26.538599999999978
26.668737999999976
27.407999999999973
25.99799999999998
26.927399999999974
26.932259999999975
26.975999999999978
26.867999999999974
26.461302199999977
26.50025999999998
27.515999999999977
27.407999999999973
26.921999999999976
27.56999999999998
26.272259999999978
27.364259999999977
27.42851999999998
26.76425999999997
27.515999999999977
27.310259999999975
27.310259999999975
27.020767099999976
27.134049499999975
27.123789499999976
27.231789499999977
27.177789499999975
27.080049499999976
27.069789499999974
27.41825999999998
26.839578999999976
26.637789499999975
27.117789499999976
27.41825999999997
27.123789499999976
27.353999999999974
26.807999999999975
26.807999999999975
27.265070499999975
26.267999999999976
27.407999999999973
27.364259999999977
27.293999999999972
27.299999999999972
27.353999999999974
27.353999999999974
27.299999999999972
27.299999999999972
27.299999999999976
27.299999999999972
27.069789499999978
26.668737999999976
27.299999999999972
27.31025999999997
26.82425999999997
26.867999999999974
26.982469299999977
27.310259999999975
26.92846929999998
27.299999999999972
26.94703989999997
26.916599999999974
27.036469299999975
27.353999999999974
26.774519999999974
27.461999999999975
27.299999999999972
27.299999999999976
27.299999999999976
27.353999999999974
27.299999999999972
27.353999999999974
27.299999999999972
27.299999999999972
26.921999999999976
27.353999999999974
27.299999999999972
27.347999999999974
27.299999999999972
27.299999999999976
26.583789499999977
27.299999999999972
26.830140199999974
27.299999999999976
27.353999999999974
27.299999999999972
27.353999999999974
27.407999999999973
27.299999999999972
27.320519999999973
27.177789499999975
27.123789499999976
27.310259999999975
27.374519999999976
27.256259999999976
27.353999999999974
26.813999999999975
26.543402199999978
27.299999999999976
27.353999999999974
27.299999999999976
26.81399999999998
27.299999999999972
26.839578999999976
27.123789499999976
26.583789499999977
27.123789499999976
26.57102849999998
27.069789499999974
26.957838999999975
26.91409899999998
26.604309499999978
26.62988849999998
26.507677999999977
26.31867599999998
26.474197999999973
27.428519999999978
26.924358999999978
27.482519999999976
26.72256949999998
27.175089499999977
26.663709499999978
27.127567499999977
27.073364499999975
26.60430949999998
26.637789499999975
26.82425999999997
26.969999999999978
26.59017739999998
27.164829499999975
27.242049499999975
26.95277999999998
27.384779999999974
26.46583899999998
26.66856949999998
27.407999999999973
27.384779999999978
26.71230949999998
26.985662199999975
27.188049499999973
27.428519999999978
26.795039999999975
27.320519999999973
27.198309499999972
27.31025999999997
27.169257999999978
27.358259999999976
27.198309499999972
26.660050699999978
26.970314999999978
26.903838999999977
27.23178949999998
27.123789499999976
27.250259999999976
26.528049499999973
27.005838999999977
26.84417999999998
27.48251999999998
26.694148499999972
27.36851999999997
26.924358999999978
27.43877999999998
26.934618999999977
27.28578949999998
27.134049499999975
26.644408499999976
27.084309499999975
27.07009899999998
26.847419299999974
27.27804949999998
27.324179999999977
26.82362849999998
27.380829499999983
26.71292849999998
27.11713899999998
27.13386949999998
27.186309499999982
27.314829499999977
27.420779999999972
27.499089499999982
26.85440849999998
26.945188499999976
27.047163299999983
26.94240829999997
27.10511379999998
27.14035899999998
26.623212799999983
25.82414849999998
27.97605479999998
26.76866849999998
26.99256949999998
27.169089499999977
27.90851999999998
27.038668499999982
26.640148499999988
25.77125699999998
25.94050749999998
27.63030949999998
26.25736749999999
26.63809899999998
26.74274849999998
26.53191809999998
26.68103999999998
26.263992799999986
26.691906699999983
24.571856999999987
26.60035899999999
25.99434939999999
25.616816999999987
25.442193999999986
25.733826499999985
25.772398199999987
25.586996999999982
26.50622229999998
25.14314549999999
26.040116999999988
26.438011799999984
26.568457999999982
26.117677999999984
26.388928499999977
25.645256999999987
25.702847499999983
26.715429499999978
27.72030949999998
27.556569499999977
27.240618999999977
25.907516999999988
26.290098999999984
26.49112749999998
27.186732999999982
26.953797199999983
26.518247499999983
