206.23038099999988
215.05402119999988
247.47645719999986
247.47645719999997
235.63186400000004
223.90727079999985
229.79956739999992
235.69186399999984
203.26942799999995
218.01497419999993
212.1226775999999
235.69186399999992
223.96727079999985
220.97592729999985
218.01497419999995
229.79956739999983
247.47645719999986
229.79956740000006
238.65281709999996
247.47645719999994
235.69186399999987
229.79956739999992
218.01497429999984
212.12267759999997
218.01497429999995
229.79956739999992
229.79956739999997
200.4580844999999
229.79956739999997
235.69186420000005
194.38578779999997
188.55349120000002
229.79956739999997
212.18267759999995
229.79956739999997
223.90727079999985
212.06267759999994
229.79956739999994
212.1226775999999
206.23038099999982
206.23038099999994
218.01497419999993
206.23038100000005
218.0149741999999
218.01497419999995
229.79956739999986
229.79956739999994
218.01497419999995
182.72119459999988
200.33808439999996
200.2780843999999
212.06267759999994
203.29903749999994
235.69186399999995
218.01497419999995
182.6611946
200.3380845
194.44578779999992
194.44578779999995
194.4457877999999
215.05402119999997
223.90727079999994
206.23038099999994
170.8766013999999
182.6611945999999
200.33808449999998
164.9843047999999
197.40674089999993
182.6011945999999
194.44578779999986
206.23038099999994
206.23038099999994
223.90727079999996
206.23038099999994
176.76889799999992
253.3391443999999
235.69186399999998
194.44578779999995
194.44578779999986
212.12267759999995
206.2903809999999
235.75186399999996
223.84727079999996
235.69186399999995
191.48483479999993
247.4764572
226.86822389999995
218.01497419999995
215.08363069999996
212.12267759999992
231.79284719999995
218.01497419999993
241.5241606
241.58416069999996
253.3687538
256.3000974
253.30875379999998
259.3210505
235.69186409999995
256.30009739999997
268.1143001
232.76052049999998
253.36875379999998
247.4764572
241.64416059999996
259.26105040000004
253.36875379999998
253.36875379999995
265.15334700000005
247.4764572
241.58416060000002
241.64416059999996
268.11430010000004
247.5364572
241.5841606
250.4678008
223.90727079999996
235.75186399999998
234.7155041
220.97592729999994
235.69186409999998
241.5841606
238.6232076
223.90727079999996
241.5841606
259.26105040000004
247.4164572
241.5545512
244.5155042
262.19239400000004
259.26105040000004
250.40780080000002
250.34780080000002
259.26105040000004
271.01603420000004
268.08469060000004
265.15334700000005
279.80928380000006
262.2220035
271.04564360000006
271.04564360000006
259.26105040000004
259.26105040000004
259.32105040000005
282.7702368000001
282.8302368000001
276.93794020000007
288.7225334000001
276.87794020000007
276.9379402
273.9769872
282.8302368
267.09738050000004
285.79118990000006
288.7225334000001
294.6148300000001
291.6834865000001
294.6148300000001
292.65116000000006
288.72253350000005
282.8302368000001
288.7225334000001
294.55543000000006
294.6148300000001
294.61483000000004
294.61483
294.61483010000006
294.61483000000004
285.7911899
294.61483
294.61483
288.7225334
294.61482999999987
288.7225334
294.61483000000004
294.61483
294.61483000000004
288.6625334000001
282.83023679999997
288.7225334
288.7225334000001
294.6148300000001
288.7225333999999
294.61483
288.7825334000001
294.61483
294.6148300000001
294.61483
294.6148300000001
294.6148300000001
294.6148300000001
291.6834865000001
294.61483000000004
294.6148300000001
294.61483000000004
294.6148300000001
294.6148300000001
294.6148300000001
288.7225334000001
288.66253350000005
288.7225334000001
288.7225334000001
282.83023690000005
288.7225334000001
286.73794030000005
294.6148300000001
294.6148300000001
288.7225334000001
294.6148300000001
294.6148300000001
294.61483010000006
276.93794020000007
288.7225334000001
282.8302368000001
282.8302368000001
294.6148300000001
282.8302368000001
294.6148300000001
294.6148300000001
288.7225334000001
288.7225334000001
294.6148300000001
294.6148300000001
294.6148300000001
294.6148300000001
294.6148300000001
294.6148300000001
294.6148300000001
294.61483010000006
294.6148300000001
294.6148300000001
294.6148300000001
291.6834865
294.6148300000001
291.6834865
294.6148300000001
294.6148300000001
294.6148300000001
294.6148300000001
294.6148300000001
294.6148300000001
294.6148300000001
288.7225334000001
288.7225334000001
294.6148300000001
294.6148300000001
294.6148300000001
294.6148300000001
294.6148300000001
294.6148300000001
288.7225334000001
288.7225334000001
285.7911899
294.6148300000001
294.6148300000001
294.61483010000006
294.6148300000001
288.72253350000005
294.6148300000001
288.72253350000005
294.61483010000006
294.61483010000006
294.6148300000001
291.6834865
294.6148300000001
294.6148300000001
294.6148300000001
294.6148300000001
294.61483010000006
294.61483010000006
294.6148300000001
294.61483010000006
288.7825334000001
282.8902368000001
288.7825334000001
294.6148300000001
282.8902368000001
294.6148300000001
282.9502368000001
294.6148300000001
288.7825334000001
294.6148300000001
288.7825334000001
288.7825334000001
282.9502368000001
288.78253350000006
288.7225334000001
288.7225334000001
282.8902368000001
294.6148300000001
294.6148300000001
288.72313340000005
288.7825334000001
294.6148300000001
288.7825334000001
288.7825334000001
294.6148300000001
294.6148300000001
288.7225334000001
294.6148300000001
294.61483010000006
294.6148300000001
294.6148300000001
294.6148300000001
288.7225334000001
288.7225334000001
294.6148300000001
288.7225334000001
294.6148300000001
294.6148300000001
294.6148300000001
288.6631334000001
288.7225334000001
294.55543000000006
294.6148300000001
294.6148300000001
294.6148300000001
288.8419334000001
294.61483010000006
294.6148300000001
294.6148300000001
294.61483010000006
288.7825334000001
294.61483010000006
291.6834865000001
294.6148300000001
294.6148300000001
294.6148300000001
288.7225334000001
294.6148300000001
294.6148300000001
294.6148300000001
294.6148300000001
294.6148300000001
294.6148300000001
294.6148300000001
294.6148300000001
294.61483010000006
294.6148300000001
291.6834865000001
291.6834865000001
294.6148300000001
291.6834865000001
291.6834865
291.6834865000001
285.7911899
291.6834865
288.72253350000005
292.65116000000006
294.6148300000001
294.6148300000001
288.7225334000001
294.6148300000001
294.6148300000001
288.7225334000001
282.8302368000001
288.72253350000005
291.6834865
288.7225334000001
271.04564360000006
276.93794020000007
271.04564360000006
276.87794020000007
259.2016504
282.7708368000001
288.6031334000001
276.87854020000003
288.66313340000005
282.7114369000001
288.66253350000005
282.71083699999997
282.65203700000006
294.37663010000006
288.66313370000006
294.4960302
288.5449158999999
294.31723020000004
288.24553350000014
294.1990240000001
284.6739073
282.5926368000001
294.43543030000006
291.5052866000001
288.7225336000001
288.3637334000001
294.4954301000001
288.4843334000001
294.1966300000001
288.5431336
288.54313360000003
292.5311601000001
285.5517900000001
294.4948302
294.31543010000007
294.37483010000005
294.4954300000001
294.4948302
294.4354300000001
294.4354300000001
294.61483010000006
294.4960300000001
294.6148300000001
294.55543000000006
294.6148300000001
288.7225334000001
288.7225334000001
288.7225334000001
291.6834865000001
294.61483010000006
294.6148300000001
288.7225334000001
288.7225334000001
282.83023690000005
288.7225334000001
288.6631334000001
288.7225334000001
285.79118990000006
285.79118990000006
294.6148300000001
294.61483010000006
294.61483010000006
294.6148300000001
294.6148300000001
288.7225334000001
282.8902368000001
288.72253350000005
294.6148300000001
291.6834865
291.6834865000001
285.8511899
291.6834865000001
291.6834865000001
288.7225334000001
288.7225334000001
285.79118990000006
288.7225334000001
288.7225334000001
279.8988933
291.6834866000001
285.70259350000003
291.6834865
288.75214300000005
291.6834865000001
291.6834865
294.6148300000001
291.6834866000001
294.6148300000001
294.6148300000001
291.6834865000001
288.7225334000001
291.6834865000001
285.85118990000007
285.85118990000007
294.6148300000001
288.75214300000005
291.6834865000001
291.6834865000001
291.6834865000001
285.7911900000001
294.6148300000001
291.6834865
288.72253350000005
294.61483000000004
291.6834865000001
294.61483010000006
291.6834865000001
288.7225334000001
291.6834865000001
288.7825334000001
291.6834865000001
294.6148300000001
294.6148300000001
291.6834865000001
291.6834865000001
288.72253340000003
291.6834865000001
294.6148300000001
285.7911899
291.6834865
294.6148300000001
294.6148300000001
291.6834865000001
279.89889330000005
285.79118990000006
291.68348660000004
291.62408650000003
285.79118990000006
294.55543000000006
291.6834865
294.6148300000001
294.6148300000001
288.75214310000007
294.61483000000004
282.8302368000001
294.6148300000001
294.5548300000001
291.6834865
294.61483
288.7225334000001
291.5634865
