500
((0 0 1 0 0) (0 0 1 0 0)),24,((0 0 1 0 0) (0 0 0 0 0)),27,((0 0 0 0 0) (0 0 1 0 0)),24,((0 0 0 0 0) (0 0 0 0 0)),25
499
((0 0 1 0 0) (0 0 1 0 0)),20,((0 0 1 0 0) (0 0 0 0 0)),25,((0 0 0 0 0) (0 0 1 0 0)),24,((0 0 0 0 0) (0 0 0 0 0)),25
498
((0 0 1 0 0) (0 0 1 0 0)),22,((0 0 1 0 0) (0 0 0 0 0)),25,((0 0 0 0 0) (0 0 1 0 0)),24,((0 0 0 0 0) (0 0 0 0 0)),27
497
((0 0 1 0 0) (0 0 1 0 0)),24,((0 0 1 0 0) (0 0 0 0 0)),19,((0 0 0 0 0) (0 0 1 0 0)),24,((0 0 0 0 0) (0 0 0 0 0)),30
496
((0 0 1 0 0) (0 0 1 0 0)),26,((0 0 1 0 0) (0 0 0 0 0)),16,((0 0 0 0 0) (0 0 1 0 0)),24,((0 0 0 0 0) (0 0 0 0 0)),29
495
((0 0 1 0 0) (0 0 1 0 0)),28,((0 0 1 0 0) (0 0 0 0 0)),17,((0 0 0 0 0) (0 0 1 0 0)),24,((0 0 0 0 0) (0 0 0 0 0)),29
494
((0 0 1 0 0) (0 0 1 0 0)),24,((0 0 1 0 0) (0 0 0 0 0)),20,((0 0 0 0 0) (0 0 1 0 0)),25,((0 0 0 0 0) (0 0 0 0 0)),27
493
((0 0 1 0 0) (0 0 1 0 0)),26,((0 0 1 0 0) (0 0 0 0 0)),19,((0 0 0 0 0) (0 0 1 0 0)),24,((0 0 0 0 0) (0 0 0 0 0)),28
492
((0 0 1 0 0) (0 0 1 0 0)),25,((0 0 1 0 0) (0 0 0 0 0)),20,((0 0 0 0 0) (0 0 1 0 0)),24,((0 0 0 0 0) (0 0 0 0 0)),28
491
((0 0 1 0 0) (0 0 1 0 0)),26,((0 0 1 0 0) (0 0 0 0 0)),18,((0 0 0 0 0) (0 0 1 0 0)),27,((0 0 0 0 0) (0 0 0 0 0)),26
490
((0 0 1 0 0) (0 0 1 0 0)),29,((0 0 1 0 0) (0 0 0 0 0)),15,((0 0 0 0 0) (0 0 1 0 0)),30,((0 0 0 0 0) (0 0 0 0 0)),25
489
((0 0 1 0 0) (0 0 1 0 0)),26,((0 0 1 0 0) (0 0 0 0 0)),17,((0 0 0 0 0) (0 0 1 0 0)),28,((0 0 0 0 0) (0 0 0 0 0)),27
488
((0 0 1 0 0) (0 0 1 0 0)),22,((0 0 1 0 0) (0 0 0 0 0)),18,((0 0 0 0 0) (0 0 1 0 0)),31,((0 0 0 0 0) (0 0 0 0 0)),27
487
((0 0 1 0 0) (0 0 1 0 0)),25,((0 0 1 0 0) (0 0 0 0 0)),18,((0 0 0 0 0) (0 0 1 0 0)),27,((0 0 0 0 0) (0 0 0 0 0)),28
486
((0 0 1 0 0) (0 0 1 0 0)),24,((0 0 1 0 0) (0 0 0 0 0)),16,((0 0 0 0 0) (0 0 1 0 0)),28,((0 0 0 0 0) (0 0 0 0 0)),27
485
((0 0 1 0 0) (0 0 1 0 0)),23,((0 0 1 0 0) (0 0 0 0 0)),14,((0 0 0 0 0) (0 0 1 0 0)),32,((0 0 0 0 0) (0 0 0 0 0)),27
484
((0 0 1 0 0) (0 0 1 0 0)),22,((0 0 1 0 0) (0 0 0 0 0)),13,((0 0 0 0 0) (0 0 1 0 0)),33,((0 0 0 0 0) (0 0 0 0 0)),30
483
((0 0 1 0 0) (0 0 1 0 0)),23,((0 0 1 0 0) (0 0 0 0 0)),14,((0 0 0 0 0) (0 0 1 0 0)),34,((0 0 0 0 0) (0 0 0 0 0)),28
482
((0 0 1 0 0) (0 0 1 0 0)),23,((0 0 1 0 0) (0 0 0 0 0)),13,((0 0 0 0 0) (0 0 1 0 0)),33,((0 0 0 0 0) (0 0 0 0 0)),28
481
((0 0 1 0 0) (0 0 1 0 0)),24,((0 0 1 0 0) (0 0 0 0 0)),13,((0 0 0 0 0) (0 0 1 0 0)),31,((0 0 0 0 0) (0 0 0 0 0)),29
480
((0 0 1 0 0) (0 0 1 0 0)),25,((0 0 1 0 0) (0 0 0 0 0)),15,((0 0 0 0 0) (0 0 1 0 0)),31,((0 0 0 0 0) (0 0 0 0 0)),27
479
((0 0 1 0 0) (0 0 1 0 0)),25,((0 0 1 0 0) (0 0 0 0 0)),13,((0 0 0 0 0) (0 0 1 0 0)),30,((0 0 0 0 0) (0 0 0 0 0)),28
478
((0 0 1 0 0) (0 0 1 0 0)),23,((0 0 1 0 0) (0 0 0 0 0)),16,((0 0 0 0 0) (0 0 1 0 0)),30,((0 0 0 0 0) (0 0 0 0 0)),25
477
((0 0 1 0 0) (0 0 1 0 0)),26,((0 0 1 0 0) (0 0 0 0 0)),15,((0 0 0 0 0) (0 0 1 0 0)),29,((0 0 0 0 0) (0 0 0 0 0)),25
476
((0 0 1 0 0) (0 0 1 0 0)),26,((0 0 1 0 0) (0 0 0 0 0)),15,((0 0 0 0 0) (0 0 1 0 0)),32,((0 0 0 0 0) (0 0 0 0 0)),23
475
((0 0 1 0 0) (0 0 1 0 0)),27,((0 0 1 0 0) (0 0 0 0 0)),13,((0 0 0 0 0) (0 0 1 0 0)),37,((0 0 0 0 0) (0 0 0 0 0)),20
474
((0 0 1 0 0) (0 0 1 0 0)),25,((0 0 1 0 0) (0 0 0 0 0)),12,((0 0 0 0 0) (0 0 1 0 0)),35,((0 0 0 0 0) (0 0 0 0 0)),23
473
((0 0 1 0 0) (0 0 1 0 0)),28,((0 0 1 0 0) (0 0 0 0 0)),12,((0 0 0 0 0) (0 0 1 0 0)),33,((0 0 0 0 0) (0 0 0 0 0)),19
472
((0 0 1 0 0) (0 0 1 0 0)),31,((0 0 1 0 0) (0 0 0 0 0)),13,((0 0 0 0 0) (0 0 1 0 0)),33,((0 0 0 0 0) (0 0 0 0 0)),20
471
((0 0 1 0 0) (0 0 1 0 0)),30,((0 0 1 0 0) (0 0 0 0 0)),11,((0 0 0 0 0) (0 0 1 0 0)),34,((0 0 0 0 0) (0 0 0 0 0)),20
470
((0 0 1 0 0) (0 0 1 0 0)),29,((0 0 1 0 0) (0 0 0 0 0)),14,((0 0 0 0 0) (0 0 1 0 0)),35,((0 0 0 0 0) (0 0 0 0 0)),18
469
((0 0 1 0 0) (0 0 1 0 0)),27,((0 0 1 0 0) (0 0 0 0 0)),14,((0 0 0 0 0) (0 0 1 0 0)),38,((0 0 0 0 0) (0 0 0 0 0)),17
468
((0 0 1 0 0) (0 0 1 0 0)),23,((0 0 1 0 0) (0 0 0 0 0)),13,((0 0 0 0 0) (0 0 1 0 0)),38,((0 0 0 0 0) (0 0 0 0 0)),21
467
((0 0 1 0 0) (0 0 1 0 0)),23,((0 0 1 0 0) (0 0 0 0 0)),13,((0 0 0 0 0) (0 0 1 0 0)),40,((0 0 0 0 0) (0 0 0 0 0)),19
466
((0 0 1 0 0) (0 0 1 0 0)),24,((0 0 1 0 0) (0 0 0 0 0)),13,((0 0 0 0 0) (0 0 1 0 0)),41,((0 0 0 0 0) (0 0 0 0 0)),19
465
((0 0 1 0 0) (0 0 1 0 0)),26,((0 0 1 0 0) (0 0 0 0 0)),11,((0 0 0 0 0) (0 0 1 0 0)),42,((0 0 0 0 0) (0 0 0 0 0)),18
464
((0 0 1 0 0) (0 0 1 0 0)),24,((0 0 1 0 0) (0 0 0 0 0)),12,((0 0 0 0 0) (0 0 1 0 0)),43,((0 0 0 0 0) (0 0 0 0 0)),13
463
((0 0 1 0 0) (0 0 1 0 0)),26,((0 0 1 0 0) (0 0 0 0 0)),11,((0 0 0 0 0) (0 0 1 0 0)),44,((0 0 0 0 0) (0 0 0 0 0)),15
462
((0 0 1 0 0) (0 0 1 0 0)),27,((0 0 1 0 0) (0 0 0 0 0)),12,((0 0 0 0 0) (0 0 1 0 0)),41,((0 0 0 0 0) (0 0 0 0 0)),13
461
((0 0 1 0 0) (0 0 1 0 0)),25,((0 0 1 0 0) (0 0 0 0 0)),13,((0 0 0 0 0) (0 0 1 0 0)),42,((0 0 0 0 0) (0 0 0 0 0)),13
460
((0 0 1 0 0) (0 0 1 0 0)),24,((0 0 1 0 0) (0 0 0 0 0)),14,((0 0 0 0 0) (0 0 1 0 0)),44,((0 0 0 0 0) (0 0 0 0 0)),11
459
((0 0 1 0 0) (0 0 1 0 0)),23,((0 0 1 0 0) (0 0 0 0 0)),16,((0 0 0 0 0) (0 0 1 0 0)),44,((0 0 0 0 0) (0 0 0 0 0)),11
458
((0 0 1 0 0) (0 0 1 0 0)),18,((0 0 1 0 0) (0 0 0 0 0)),17,((0 0 0 0 0) (0 0 1 0 0)),45,((0 0 0 0 0) (0 0 0 0 0)),10
457
((0 0 1 0 0) (0 0 1 0 0)),19,((0 0 1 0 0) (0 0 0 0 0)),16,((0 0 0 0 0) (0 0 1 0 0)),45,((0 0 0 0 0) (0 0 0 0 0)),10
456
((0 0 1 0 0) (0 0 1 0 0)),19,((0 0 1 0 0) (0 0 0 0 0)),15,((0 0 0 0 0) (0 0 1 0 0)),45,((0 0 0 0 0) (0 0 0 0 0)),13
455
((0 0 1 0 0) (0 0 1 0 0)),18,((0 0 1 0 0) (0 0 0 0 0)),17,((0 0 0 0 0) (0 0 1 0 0)),45,((0 0 0 0 0) (0 0 0 0 0)),11
454
((0 0 1 0 0) (0 0 1 0 0)),20,((0 0 1 0 0) (0 0 0 0 0)),18,((0 0 0 0 0) (0 0 1 0 0)),43,((0 0 0 0 0) (0 0 0 0 0)),12
453
((0 0 1 0 0) (0 0 1 0 0)),25,((0 0 1 0 0) (0 0 0 0 0)),16,((0 0 0 0 0) (0 0 1 0 0)),42,((0 0 0 0 0) (0 0 0 0 0)),12
452
((0 0 1 0 0) (0 0 1 0 0)),25,((0 0 1 0 0) (0 0 0 0 0)),17,((0 0 0 0 0) (0 0 1 0 0)),44,((0 0 0 0 0) (0 0 0 0 0)),11
451
((0 0 1 0 0) (0 0 1 0 0)),23,((0 0 1 0 0) (0 0 0 0 0)),16,((0 0 0 0 0) (0 0 1 0 0)),43,((0 0 0 0 0) (0 0 0 0 0)),12
450
((0 0 1 0 0) (0 0 1 0 0)),24,((0 0 1 0 0) (0 0 0 0 0)),12,((0 0 0 0 0) (0 0 1 0 0)),48,((0 0 0 0 0) (0 0 0 0 0)),11
449
((0 0 1 0 0) (0 0 1 0 0)),23,((0 0 1 0 0) (0 0 0 0 0)),14,((0 0 0 0 0) (0 0 1 0 0)),46,((0 0 0 0 0) (0 0 0 0 0)),12
448
((0 0 1 0 0) (0 0 1 0 0)),21,((0 0 1 0 0) (0 0 0 0 0)),16,((0 0 0 0 0) (0 0 1 0 0)),47,((0 0 0 0 0) (0 0 0 0 0)),11
447
((0 0 1 0 0) (0 0 1 0 0)),24,((0 0 1 0 0) (0 0 0 0 0)),13,((0 0 0 0 0) (0 0 1 0 0)),47,((0 0 0 0 0) (0 0 0 0 0)),12
446
((0 0 1 0 0) (0 0 1 0 0)),25,((0 0 1 0 0) (0 0 0 0 0)),11,((0 0 0 0 0) (0 0 1 0 0)),49,((0 0 0 0 0) (0 0 0 0 0)),10
445
((0 0 1 0 0) (0 0 1 0 0)),27,((0 0 1 0 0) (0 0 0 0 0)),12,((0 0 0 0 0) (0 0 1 0 0)),47,((0 0 0 0 0) (0 0 0 0 0)),9
444
((0 0 1 0 0) (0 0 1 0 0)),26,((0 0 1 0 0) (0 0 0 0 0)),13,((0 0 0 0 0) (0 0 1 0 0)),49,((0 0 0 0 0) (0 0 0 0 0)),9
443
((0 0 1 0 0) (0 0 1 0 0)),28,((0 0 1 0 0) (0 0 0 0 0)),11,((0 0 0 0 0) (0 0 1 0 0)),49,((0 0 0 0 0) (0 0 0 0 0)),8
442
((0 0 1 0 0) (0 0 1 0 0)),28,((0 0 1 0 0) (0 0 0 0 0)),7,((0 0 0 0 0) (0 0 1 0 0)),51,((0 0 0 0 0) (0 0 0 0 0)),9
441
((0 0 1 0 0) (0 0 1 0 0)),30,((0 0 1 0 0) (0 0 0 0 0)),7,((0 0 0 0 0) (0 0 1 0 0)),50,((0 0 0 0 0) (0 0 0 0 0)),7
440
((0 0 1 0 0) (0 0 1 0 0)),30,((0 0 1 0 0) (0 0 0 0 0)),6,((0 0 0 0 0) (0 0 1 0 0)),51,((0 0 0 0 0) (0 0 0 0 0)),7
439
((0 0 1 0 0) (0 0 1 0 0)),29,((0 0 1 0 0) (0 0 0 0 0)),6,((0 0 0 0 0) (0 0 1 0 0)),52,((0 0 0 0 0) (0 0 0 0 0)),7
438
((0 0 1 0 0) (0 0 1 0 0)),29,((0 0 0 0 0) (0 1 1 1 0 0 1 0 1)),6,((0 0 0 0 0) (0 0 1 0 0)),50,((0 0 0 0 0) (0 0 0 0 0)),8
437
((0 0 1 0 0) (0 0 1 0 0)),26,((0 0 1 0 0) (0 0 0 0 0)),7,((0 0 0 0 0) (0 1 1 1 0 0 1 0 1)),6,((0 0 0 0 0) (0 0 1 0 0)),49,((0 0 0 0 0) (0 0 0 0 0)),7
436
((0 0 1 0 0) (0 0 1 0 0)),27,((0 0 1 0 0) (0 0 0 0 0)),6,((0 0 0 0 0) (0 1 1 1 0 0 1 0 1)),6,((0 0 0 0 0) (0 0 1 0 0)),53
435
((0 0 1 0 0) (0 0 1 0 0)),31,((0 0 0 0 0) (0 1 1 1 0 0 1 0 1)),8,((0 0 0 0 0) (0 0 1 0 0)),45,((0 0 0 0 0) (0 0 0 0 0)),6
434
((0 0 1 0 0) (0 0 1 0 0)),31,((0 0 0 0 0) (0 1 1 1 0 0 1 0 1)),9,((0 0 0 0 0) (0 0 1 0 0)),47,((0 0 0 0 0) (0 0 0 0 0)),7
433
((0 0 1 0 0) (0 0 1 0 0)),32,((0 0 0 0 0) (0 1 1 1 0 0 1 0 1)),6,((0 0 0 0 0) (0 0 1 0 0)),45,((0 0 0 0 0) (0 0 0 0 0)),7
432
((0 0 1 0 0) (0 0 1 0 0)),31,((0 0 0 0 0) (0 1 1 1 0 0 1 0 1)),7,((0 0 0 0 0) (0 0 1 0 0)),46,((0 0 0 0 0) (0 0 0 0 0)),6
431
((0 0 1 0 0) (0 0 1 0 0)),28,((0 0 0 0 0) (0 1 1 1 0 0 1 0 1)),7,((0 0 0 0 0) (0 0 1 0 0)),49,((0 0 0 0 0) (0 0 0 0 0)),6
430
((0 0 1 0 0) (0 0 1 0 0)),25,((0 0 1 0 0) (0 0 0 0 0)),6,((0 0 0 0 0) (0 1 1 1 0 0 1 0 1)),7,((0 0 0 0 0) (0 0 1 0 0)),51
429
((0 0 1 0 0) (0 0 1 0 0)),26,((0 0 0 0 0) (0 1 1 1 0 0 1 0 1)),8,((0 0 0 0 0) (0 0 1 0 0)),51
428
((0 0 1 0 0) (0 0 1 0 0)),27,((0 0 0 0 0) (0 1 1 1 0 0 1 0 1)),8,((0 0 0 0 0) (0 0 1 0 0)),51
427
((0 0 1 0 0) (0 0 1 0 0)),26,((0 0 0 0 0) (0 1 1 1 0 0 1 0 1)),9,((0 0 0 0 0) (0 0 1 0 0)),50
426
((0 0 1 0 0) (0 0 1 0 0)),27,((0 0 0 0 0) (0 1 1 1 0 0 1 0 1)),10,((0 0 0 0 0) (0 0 1 0 0)),48
425
((0 0 1 0 0) (0 0 1 0 0)),23,((0 0 0 0 0) (0 1 1 1 0 0 1 0 1)),11,((0 0 0 0 0) (0 0 1 0 0)),53
424
((0 0 1 0 0) (0 0 1 0 0)),23,((0 0 0 0 0) (0 1 1 1 0 0 1 0 1)),12,((0 0 0 0 0) (0 0 1 0 0)),52
423
((0 0 1 0 0) (0 0 1 0 0)),24,((0 0 0 0 0) (0 1 1 1 0 0 1 0 1)),12,((0 0 0 0 0) (0 0 1 0 0)),52
422
((0 0 1 0 0) (0 0 1 0 0)),23,((0 0 0 0 0) (0 1 1 1 0 0 1 0 1)),12,((0 0 0 0 0) (0 0 1 0 0)),50
421
((0 0 1 0 0) (0 0 1 0 0)),24,((0 0 0 0 0) (0 1 1 1 0 0 1 0 1)),13,((0 0 0 0 0) (0 0 1 0 0)),50
420
((0 0 1 0 0) (0 0 1 0 0)),19,((0 0 0 0 0) (0 1 1 1 0 0 1 0 1)),14,((0 0 0 0 0) (0 0 1 0 0)),53
419
((0 0 1 0 0) (0 0 1 0 0)),20,((0 0 0 0 0) (0 1 1 1 0 0 1 0 1)),12,((0 0 0 0 0) (0 0 1 0 0)),56
418
((0 0 1 0 0) (0 0 1 0 0)),23,((0 0 0 0 0) (0 1 1 1 0 0 1 0 1)),12,((0 0 0 0 0) (0 0 1 0 0)),55
417
((0 0 1 0 0) (0 0 1 0 0)),21,((0 0 0 0 0) (0 1 1 1 0 0 1 0 1)),13,((0 0 0 0 0) (0 0 1 0 0)),56
416
((0 0 1 0 0) (0 0 1 0 0)),23,((0 0 0 0 0) (0 1 1 1 0 0 1 0 1)),14,((0 0 0 0 0) (0 0 1 0 0)),51
415
((0 0 1 0 0) (0 0 1 0 0)),20,((0 0 0 0 0) (0 1 1 1 0 0 1 0 1)),15,((0 0 0 0 0) (0 0 1 0 0)),56
414
((0 0 1 0 0) (0 0 1 0 0)),20,((0 0 0 0 0) (0 1 1 1 0 0 1 0 1)),16,((0 0 0 0 0) (0 0 1 0 0)),50
413
((0 0 1 0 0) (0 0 1 0 0)),21,((0 0 0 0 0) (0 1 1 1 0 0 1 0 1)),15,((0 0 0 0 0) (0 0 1 0 0)),50
412
((0 0 1 0 0) (0 0 1 0 0)),20,((0 0 0 0 0) (0 1 1 1 0 0 1 0 1)),15,((0 0 0 0 0) (0 0 1 0 0)),51
411
((0 0 1 0 0) (0 0 1 0 0)),20,((0 0 0 0 0) (0 1 1 1 0 0 1 0 1)),19,((0 0 0 0 0) (0 0 1 0 0)),50
410
((0 0 1 0 0) (0 0 1 0 0)),20,((0 0 0 0 0) (0 1 1 1 0 0 1 0 1)),21,((0 0 0 0 0) (0 0 1 0 0)),46
409
((0 0 1 0 0) (0 0 1 0 0)),19,((0 0 0 0 0) (0 1 1 1 0 0 1 0 1)),24,((0 0 0 0 0) (0 0 1 0 0)),44
408
((0 0 1 0 0) (0 0 1 0 0)),18,((0 0 0 0 0) (0 1 1 1 0 0 1 0 1)),26,((0 0 0 0 0) (0 0 1 0 0)),43
407
((0 0 1 0 0) (0 0 1 0 0)),16,((0 0 0 0 0) (0 1 1 1 0 0 1 0 1)),26,((0 0 0 0 0) (0 0 1 0 0)),44
406
((0 0 1 0 0) (0 0 1 0 0)),16,((0 0 0 0 0) (0 1 1 1 0 0 1 0 1)),27,((0 0 0 0 0) (0 0 1 0 0)),44
405
((0 0 1 0 0) (0 0 1 0 0)),16,((0 0 0 0 0) (0 1 1 1 0 0 1 0 1)),26,((0 0 0 0 0) (0 0 1 0 0)),44
404
((0 0 1 0 0) (0 0 1 0 0)),16,((0 0 0 0 0) (0 1 1 1 0 0 1 0 1)),26,((0 0 0 0 0) (0 0 1 0 0)),44
403
((0 0 1 0 0) (0 0 1 0 0)),15,((0 0 0 0 0) (0 1 1 1 0 0 1 0 1)),29,((0 0 0 0 0) (0 0 1 0 0)),45
402
((0 0 1 0 0) (0 0 1 0 0)),14,((0 0 0 0 0) (0 1 1 1 0 0 1 0 1)),28,((0 0 0 0 0) (0 0 1 0 0)),42
401
((0 0 1 0 0) (0 0 1 0 0)),14,((0 0 0 0 0) (0 1 1 1 0 0 1 0 1)),27,((0 0 0 0 0) (0 0 1 0 0)),44
400
((0 0 1 0 0) (0 0 1 0 0)),14,((0 0 0 0 0) (0 1 1 1 0 0 1 0 1)),26,((0 0 0 0 0) (0 0 1 0 0)),46
399
((0 0 1 0 0) (0 0 1 0 0)),17,((0 0 0 0 0) (0 1 1 1 0 0 1 0 1)),23,((0 0 0 0 0) (0 0 1 0 0)),46
398
((0 0 1 0 0) (0 0 1 0 0)),17,((0 0 0 0 0) (0 1 1 1 0 0 1 0 1)),27,((0 0 0 0 0) (0 0 1 0 0)),44
397
((0 0 1 0 0) (0 0 1 0 0)),16,((0 0 0 0 0) (0 1 1 1 0 0 1 0 1)),28,((0 0 0 0 0) (0 0 1 0 0)),45
396
((0 0 1 0 0) (0 0 1 0 0)),13,((0 0 0 0 0) (0 1 1 1 0 0 1 0 1)),29,((0 0 0 0 0) (0 0 1 0 0)),45
395
((0 0 1 0 0) (0 0 1 0 0)),12,((0 0 0 0 0) (0 1 1 1 0 0 1 0 1)),30,((0 0 0 0 0) (0 0 1 0 0)),48
394
((0 0 1 0 0) (0 0 1 0 0)),13,((0 0 0 0 0) (0 1 1 1 0 0 1 0 1)),28,((0 0 0 0 0) (0 0 1 0 0)),49
393
((0 0 1 0 0) (0 0 1 0 0)),13,((0 0 0 0 0) (0 1 1 1 0 0 1 0 1)),27,((0 0 0 0 0) (0 0 1 0 0)),48
392
((0 0 1 0 0) (0 0 1 0 0)),14,((0 0 0 0 0) (0 1 1 1 0 0 1 0 1)),24,((0 0 0 0 0) (0 0 1 0 0)),54
391
((0 0 1 0 0) (0 0 1 0 0)),14,((0 0 0 0 0) (0 1 1 1 0 0 1 0 1)),22,((0 0 0 0 0) (0 0 1 0 0)),53
390
((0 0 1 0 0) (0 0 1 0 0)),13,((0 0 0 0 0) (0 1 1 1 0 0 1 0 1)),23,((0 0 0 0 0) (0 0 1 0 0)),51
389
((0 0 1 0 0) (0 0 1 0 0)),12,((0 0 0 0 0) (0 1 1 1 0 0 1 0 1)),25,((0 0 0 0 0) (0 0 1 0 0)),48
388
((0 0 1 0 0) (0 0 1 0 0)),13,((0 0 0 0 0) (0 1 1 1 0 0 1 0 1)),26,((0 0 0 0 0) (0 0 1 0 0)),47
387
((0 0 1 0 0) (0 0 1 0 0)),15,((0 0 0 0 0) (0 1 1 1 0 0 1 0 1)),23,((0 0 0 0 0) (0 0 1 0 0)),46
386
((0 0 1 0 0) (0 0 1 0 0)),15,((0 0 0 0 0) (0 1 1 1 0 0 1 0 1)),24,((0 0 0 0 0) (0 0 1 0 0)),49
385
((0 0 1 0 0) (0 0 1 0 0)),15,((0 0 0 0 0) (0 1 1 1 0 0 1 0 1)),23,((0 0 0 0 0) (0 0 1 0 0)),47
384
((0 0 1 0 0) (0 0 1 0 0)),17,((0 0 0 0 0) (0 1 1 1 0 0 1 0 1)),22,((0 0 0 0 0) (0 0 1 0 0)),45
383
((0 0 1 0 0) (0 0 1 0 0)),18,((0 0 0 0 0) (0 1 1 1 0 0 1 0 1)),22,((0 0 0 0 0) (0 0 1 0 0)),44
382
((0 0 1 0 0) (0 0 1 0 0)),19,((0 0 0 0 0) (0 1 1 1 0 0 1 0 1)),19,((0 0 0 0 0) (0 0 1 0 0)),47
381
((0 0 1 0 0) (0 0 1 0 0)),21,((0 0 0 0 0) (0 1 1 1 0 0 1 0 1)),19,((0 0 0 0 0) (0 0 1 0 0)),48
380
((0 0 1 0 0) (0 0 1 0 0)),21,((0 0 0 0 0) (0 1 1 1 0 0 1 0 1)),19,((0 0 0 0 0) (0 0 1 0 0)),50
379
((0 0 1 0 0) (0 0 1 0 0)),19,((0 0 0 0 0) (0 1 1 1 0 0 1 0 1)),19,((0 0 0 0 0) (0 0 1 0 0)),50
378
((0 0 1 0 0) (0 0 1 0 0)),16,((0 0 0 0 0) (0 1 1 1 0 0 1 0 1)),20,((0 0 0 0 0) (0 0 1 0 0)),48
377
((0 0 1 0 0) (0 0 1 0 0)),17,((0 0 0 0 0) (0 1 1 1 0 0 1 0 1)),22,((0 0 0 0 0) (0 0 1 0 0)),47,((0 1 0 0 1 0 0 1 0) (0 0 1 0 0)),6
376
((0 0 1 0 0) (0 0 1 0 0)),15,((0 0 0 0 0) (0 1 1 1 0 0 1 0 1)),21,((0 0 0 0 0) (0 0 1 0 0)),46,((0 1 0 0 1 0 0 1 0) (0 0 1 0 0)),7
375
((0 0 1 0 0) (0 0 1 0 0)),14,((0 0 0 0 0) (0 1 1 1 0 0 1 0 1)),19,((0 0 0 0 0) (0 0 1 0 0)),49,((0 1 0 0 1 0 0 1 0) (0 1 0 0 0 0 1 0 1)),6,((0 1 0 0 1 0 0 1 0) (0 0 1 0 0)),6
374
((0 0 1 0 0) (0 0 1 0 0)),17,((0 0 0 0 0) (0 1 1 1 0 0 1 0 1)),20,((0 0 0 0 0) (0 0 1 0 0)),47,((0 1 0 0 1 0 0 1 0) (0 0 1 0 0)),7
373
((0 0 1 0 0) (0 0 1 0 0)),15,((0 0 0 0 0) (0 1 1 1 0 0 1 0 1)),20,((0 0 0 0 0) (0 0 1 0 0)),48,((0 1 0 0 1 0 0 1 0) (0 0 1 0 0)),6
372
((0 0 1 0 0) (0 0 1 0 0)),13,((0 0 0 0 0) (0 1 1 1 0 0 1 0 1)),19,((0 0 0 0 0) (0 0 1 0 0)),51,((0 1 0 0 1 0 0 1 0) (0 0 1 0 0)),7
371
((0 0 1 0 0) (0 0 1 0 0)),13,((0 0 0 0 0) (0 1 1 1 0 0 1 0 1)),19,((0 0 0 0 0) (0 0 1 0 0)),49,((0 1 0 0 1 0 0 1 0) (0 0 1 0 0)),7
370
((0 0 1 0 0) (0 0 1 0 0)),11,((0 0 0 0 0) (0 1 1 1 0 0 1 0 1)),19,((0 0 0 0 0) (0 0 1 0 0)),52,((0 1 0 0 1 0 0 1 0) (0 1 0 0 0 0 1 0 1)),6
369
((0 0 1 0 0) (0 0 1 0 0)),15,((0 0 0 0 0) (0 1 1 1 0 0 1 0 1)),21,((0 0 0 0 0) (0 0 1 0 0)),48,((0 1 0 0 1 0 0 1 0) (0 1 0 0 0 0 1 0 1)),6
368
((0 0 1 0 0) (0 0 1 0 0)),12,((0 0 0 0 0) (0 1 1 1 0 0 1 0 1)),20,((0 0 0 0 0) (0 0 1 0 0)),50,((0 1 0 0 1 0 0 1 0) (0 1 0 0 0 0 1 0 1)),6
367
((0 0 1 0 0) (0 0 1 0 0)),13,((0 0 0 0 0) (0 1 1 1 0 0 1 0 1)),21,((0 0 0 0 0) (0 0 1 0 0)),46,((0 1 0 0 1 0 0 1 0) (0 1 0 0 0 0 1 0 1)),7
366
((0 0 1 0 0) (0 0 1 0 0)),11,((0 0 0 0 0) (0 1 1 1 0 0 1 0 1)),21,((0 0 0 0 0) (0 0 1 0 0)),46,((0 1 0 0 1 0 0 1 0) (0 1 0 0 0 0 1 0 1)),9
365
((0 0 1 0 0) (0 0 1 0 0)),11,((0 0 0 0 0) (0 1 1 1 0 0 1 0 1)),22,((0 0 0 0 0) (0 0 1 0 0)),45,((0 1 0 0 1 0 0 1 0) (0 1 0 0 0 0 1 0 1)),11,((0 1 0 0 1 0 0 1 0) (0 0 1 0 0)),6
364
((0 0 1 0 0) (0 0 1 0 0)),10,((0 0 0 0 0) (0 1 1 1 0 0 1 0 1)),21,((0 0 0 0 0) (0 0 1 0 0)),45,((0 1 0 0 1 0 0 1 0) (0 1 0 0 0 0 1 0 1)),10
363
((0 0 1 0 0) (0 0 1 0 0)),10,((0 0 0 0 0) (0 1 1 1 0 0 1 0 1)),23,((0 0 0 0 0) (0 0 1 0 0)),47,((0 1 0 0 1 0 0 1 0) (0 1 0 0 0 0 1 0 1)),9
362
((0 0 1 0 0) (0 0 1 0 0)),13,((0 0 0 0 0) (0 1 1 1 0 0 1 0 1)),24,((0 0 0 0 0) (0 0 1 0 0)),41,((0 1 0 0 1 0 0 1 0) (0 1 0 0 0 0 1 0 1)),8
361
((0 0 1 0 0) (0 0 1 0 0)),12,((0 0 0 0 0) (0 1 1 1 0 0 1 0 1)),21,((0 0 0 0 0) (0 0 1 0 0)),45,((0 1 0 0 1 0 0 1 0) (0 1 0 0 0 0 1 0 1)),7
360
((0 0 1 0 0) (0 0 1 0 0)),11,((0 0 0 0 0) (0 1 1 1 0 0 1 0 1)),22,((0 0 0 0 0) (0 0 1 0 0)),43,((0 1 0 0 1 0 0 1 0) (0 0 1 0 0)),8
359
((0 0 1 0 0) (0 0 1 0 0)),12,((0 0 0 0 0) (0 1 1 1 0 0 1 0 1)),23,((0 0 0 0 0) (0 0 1 0 0)),47,((0 1 0 0 1 0 0 1 0) (0 0 1 0 0)),7
358
((0 0 1 0 0) (0 0 1 0 0)),12,((0 0 0 0 0) (0 1 1 1 0 0 1 0 1)),24,((0 0 0 0 0) (0 0 1 0 0)),46,((0 1 0 0 1 0 0 1 0) (0 0 1 0 0)),7
357
((0 0 1 0 0) (0 0 1 0 0)),9,((0 0 0 0 0) (0 1 1 1 0 0 1 0 1)),23,((0 0 0 0 0) (0 0 1 0 0)),48,((0 1 0 0 1 0 0 1 0) (0 1 0 0 0 0 1 0 1)),7,((0 1 0 0 1 0 0 1 0) (0 0 1 0 0)),6
356
((0 0 1 0 0) (0 0 1 0 0)),9,((0 0 0 0 0) (0 1 1 1 0 0 1 0 1)),25,((0 0 0 0 0) (0 0 1 0 0)),45,((0 1 0 0 1 0 0 1 0) (0 1 0 0 0 0 1 0 1)),8,((0 1 0 0 1 0 0 1 0) (0 0 1 0 0)),7
355
((0 0 0 0 0) (0 1 1 1 0 0 1 0 1)),26,((0 0 0 0 0) (0 0 1 0 0)),41,((0 1 0 0 1 0 0 1 0) (0 1 0 0 0 0 1 0 1)),8,((0 1 0 0 1 0 0 1 0) (0 0 1 0 0)),9
354
((0 0 0 0 0) (0 1 1 1 0 0 1 0 1)),26,((0 0 0 0 0) (0 0 1 0 0)),42,((0 1 0 0 1 0 0 1 0) (0 1 0 0 0 0 1 0 1)),8,((0 1 0 0 1 0 0 1 0) (0 0 1 0 0)),11
353
((0 0 0 0 0) (0 1 1 1 0 0 1 0 1)),24,((0 0 0 0 0) (0 0 1 0 0)),39,((0 1 0 0 1 0 0 1 0) (0 1 0 0 0 0 1 0 1)),10,((0 1 0 0 1 0 0 1 0) (0 0 1 0 0)),10
352
((0 0 0 0 0) (0 1 1 1 0 0 1 0 1)),21,((0 0 0 0 0) (0 0 1 0 0)),41,((0 1 0 0 1 0 0 1 0) (0 1 0 0 0 0 1 0 1)),11,((0 1 0 0 1 0 0 1 0) (0 0 1 0 0)),11
351
((0 0 0 0 0) (0 1 1 1 0 0 1 0 1)),22,((0 0 0 0 0) (0 0 1 0 0)),39,((0 1 0 0 1 0 0 1 0) (0 1 0 0 0 0 1 0 1)),12,((0 1 0 0 1 0 0 1 0) (0 0 1 0 0)),9
350
((0 0 0 0 0) (0 1 1 1 0 0 1 0 1)),20,((0 0 0 0 0) (0 0 1 0 0)),43,((0 1 0 0 1 0 0 1 0) (0 1 0 0 0 0 1 0 1)),11,((0 1 0 0 1 0 0 1 0) (0 0 1 0 0)),8
349
((0 0 0 0 0) (0 1 1 1 0 0 1 0 1)),18,((0 0 0 0 0) (0 0 1 0 0)),47,((0 1 0 0 1 0 0 1 0) (0 1 0 0 0 0 1 0 1)),13,((0 1 0 0 1 0 0 1 0) (0 0 1 0 0)),7
348
((0 0 0 0 0) (0 1 1 1 0 0 1 0 1)),18,((0 0 0 0 0) (0 0 1 0 0)),47,((0 1 0 0 1 0 0 1 0) (0 1 0 0 0 0 1 0 1)),13,((0 1 0 0 1 0 0 1 0) (0 0 1 0 0)),7
347
((0 0 0 0 0) (0 1 1 1 0 0 1 0 1)),16,((0 0 0 0 0) (0 0 1 0 0)),51,((0 1 0 0 1 0 0 1 0) (0 1 0 0 0 0 1 0 1)),12,((0 1 0 0 1 0 0 1 0) (0 0 1 0 0)),7
346
((0 0 0 0 0) (0 1 1 1 0 0 1 0 1)),17,((0 0 0 0 0) (0 0 1 0 0)),49,((0 1 0 0 1 0 0 1 0) (0 1 0 0 0 0 1 0 1)),13,((0 1 0 0 1 0 0 1 0) (0 0 1 0 0)),7
345
((0 0 0 0 0) (0 1 1 1 0 0 1 0 1)),17,((0 0 0 0 0) (0 0 1 0 0)),53,((0 1 0 0 1 0 0 1 0) (0 1 0 0 0 0 1 0 1)),13,((0 1 0 0 1 0 0 1 0) (0 0 1 0 0)),6
344
((0 0 0 0 0) (0 1 1 1 0 0 1 0 1)),18,((0 0 0 0 0) (0 0 1 0 0)),53,((0 1 0 0 1 0 0 1 0) (0 1 0 0 0 0 1 0 1)),12,((0 1 0 0 1 0 0 1 0) (0 0 1 0 0)),6
343
((0 0 0 0 0) (0 1 1 1 0 0 1 0 1)),20,((0 0 0 0 0) (0 0 1 0 0)),53,((0 1 0 0 1 0 0 1 0) (0 1 0 0 0 0 1 0 1)),12,((0 1 0 0 1 0 0 1 0) (0 0 1 0 0)),6
342
((0 0 0 0 0) (0 1 1 1 0 0 1 0 1)),18,((0 0 0 0 0) (0 0 1 0 0)),51,((0 1 0 0 1 0 0 1 0) (0 1 0 0 0 0 1 0 1)),13,((0 1 0 0 1 0 0 1 0) (0 0 1 0 0)),7
341
((0 0 0 0 0) (0 1 1 1 0 0 1 0 1)),16,((0 0 0 0 0) (0 0 1 0 0)),50,((0 1 0 0 1 0 0 1 0) (0 1 0 0 0 0 1 0 1)),12,((0 1 0 0 1 0 0 1 0) (0 0 1 0 0)),7
340
((0 0 0 0 0) (0 1 1 1 0 0 1 0 1)),17,((0 0 0 0 0) (0 0 1 0 0)),53,((0 1 0 0 1 0 0 1 0) (0 1 0 0 0 0 1 0 1)),13,((0 1 0 0 1 0 0 1 0) (0 0 1 0 0)),8
339
((0 0 0 0 0) (0 1 1 1 0 0 1 0 1)),16,((0 0 0 0 0) (0 0 1 0 0)),50,((0 1 0 0 1 0 0 1 0) (0 1 0 0 0 0 1 0 1)),15,((0 1 0 0 1 0 0 1 0) (0 0 1 0 0)),8
338
((0 0 0 0 0) (0 1 1 1 0 0 1 0 1)),16,((0 0 0 0 0) (0 0 1 0 0)),48,((0 1 0 0 1 0 0 1 0) (0 1 0 0 0 0 1 0 1)),15,((0 1 0 0 1 0 0 1 0) (0 0 1 0 0)),8
337
((0 0 0 0 0) (0 1 1 1 0 0 1 0 1)),16,((0 0 0 0 0) (0 0 1 0 0)),44,((0 1 0 0 1 0 0 1 0) (0 1 0 0 0 0 1 0 1)),18,((0 1 0 0 1 0 0 1 0) (0 0 1 0 0)),9
336
((0 0 0 0 0) (0 1 1 1 0 0 1 0 1)),14,((0 0 0 0 0) (0 0 1 0 0)),41,((0 1 0 0 1 0 0 1 0) (0 1 0 0 0 0 1 0 1)),18,((0 1 0 0 1 0 0 1 0) (0 0 1 0 0)),10
335
((0 0 0 0 0) (0 1 1 1 0 0 1 0 1)),14,((0 0 0 0 0) (0 0 1 0 0)),44,((0 1 0 0 1 0 0 1 0) (0 1 0 0 0 0 1 0 1)),16,((0 1 0 0 1 0 0 1 0) (0 0 1 0 0)),12
334
((0 0 0 0 0) (0 1 1 1 0 0 1 0 1)),13,((0 0 0 0 0) (0 0 1 0 0)),43,((0 1 0 0 1 0 0 1 0) (0 1 0 0 0 0 1 0 1)),15,((0 1 0 0 1 0 0 1 0) (0 0 1 0 0)),13
333
((0 0 0 0 0) (0 1 1 1 0 0 1 0 1)),12,((0 0 0 0 0) (0 0 1 0 0)),43,((0 1 0 0 1 0 0 1 0) (0 1 0 0 0 0 1 0 1)),14,((0 1 0 0 1 0 0 1 0) (0 0 1 0 0)),13
332
((0 0 0 0 0) (0 1 1 1 0 0 1 0 1)),11,((0 0 0 0 0) (0 0 1 0 0)),50,((0 1 0 0 1 0 0 1 0) (0 1 0 0 0 0 1 0 1)),12,((0 1 0 0 1 0 0 1 0) (0 0 1 0 0)),11
331
((0 0 0 0 0) (0 1 1 1 0 0 1 0 1)),9,((0 0 0 0 0) (0 0 1 0 0)),48,((0 1 0 0 1 0 0 1 0) (0 1 0 0 0 0 1 0 1)),10,((0 1 0 0 1 0 0 1 0) (0 0 1 0 0)),14
330
((0 0 0 0 0) (0 1 1 1 0 0 1 0 1)),10,((0 0 0 0 0) (0 0 1 0 0)),50,((0 1 0 0 1 0 0 1 0) (0 1 0 0 0 0 1 0 1)),9,((0 1 0 0 1 0 0 1 0) (0 0 1 0 0)),16
329
((0 0 0 0 0) (0 1 1 1 0 0 1 0 1)),11,((0 0 0 0 0) (0 0 1 0 0)),53,((0 1 0 0 1 0 0 1 0) (0 1 0 0 0 0 1 0 1)),10,((0 1 0 0 1 0 0 1 0) (0 0 1 0 0)),13
328
((0 0 0 0 0) (0 1 1 1 0 0 1 0 1)),9,((0 0 0 0 0) (0 0 1 0 0)),50,((0 1 0 0 1 0 0 1 0) (0 1 0 0 0 0 1 0 1)),11,((0 1 0 0 1 0 0 1 0) (0 0 1 0 0)),14
327
((0 0 0 0 0) (0 1 1 1 0 0 1 0 1)),10,((0 0 0 0 0) (0 0 1 0 0)),52,((0 1 0 0 1 0 0 1 0) (0 1 0 0 0 0 1 0 1)),10,((0 1 0 0 1 0 0 1 0) (0 0 1 0 0)),14
326
((0 0 0 0 0) (0 1 1 1 0 0 1 0 1)),9,((0 0 0 0 0) (0 0 1 0 0)),53,((0 1 0 0 1 0 0 1 0) (0 1 0 0 0 0 1 0 1)),9,((0 1 0 0 1 0 0 1 0) (0 0 1 0 0)),12
325
((0 0 0 0 0) (0 1 1 1 0 0 1 0 1)),9,((0 0 0 0 0) (0 0 1 0 0)),54,((0 1 0 0 1 0 0 1 0) (0 1 0 0 0 0 1 0 1)),8,((0 1 0 0 1 0 0 1 0) (0 0 1 0 0)),12
324
((0 0 0 0 0) (0 1 1 1 0 0 1 0 1)),9,((0 0 0 0 0) (0 0 1 0 0)),55,((0 1 0 0 1 0 0 1 0) (0 1 0 0 0 0 1 0 1)),9,((0 1 0 0 1 0 0 1 0) (0 0 1 0 0)),11
323
((0 0 0 0 0) (0 1 1 1 0 0 1 0 1)),8,((0 0 0 0 0) (0 0 1 0 0)),54,((0 1 0 0 1 0 0 1 0) (0 1 0 0 0 0 1 0 1)),9,((0 1 0 0 1 0 0 1 0) (0 0 1 0 0)),12
322
((0 0 0 0 0) (0 1 1 1 0 0 1 0 1)),8,((0 0 0 0 0) (0 0 1 0 0)),56,((0 1 0 0 1 0 0 1 0) (0 1 0 0 0 0 1 0 1)),8,((0 1 0 0 1 0 0 1 0) (0 0 1 0 0)),13
321
((0 0 0 0 0) (0 1 1 1 0 0 1 0 1)),8,((0 0 0 0 0) (0 0 1 0 0)),57,((0 1 0 0 1 0 0 1 0) (0 1 0 0 0 0 1 0 1)),7,((0 1 0 0 1 0 0 1 0) (0 0 1 0 0)),11
320
((0 0 0 0 0) (0 1 1 1 0 0 1 0 1)),8,((0 0 0 0 0) (0 0 1 0 0)),62,((0 1 0 0 1 0 0 1 0) (0 1 0 0 0 0 1 0 1)),8,((0 1 0 0 1 0 0 1 0) (0 0 1 0 0)),10
319
((0 0 0 0 0) (0 1 1 1 0 0 1 0 1)),8,((0 0 0 0 0) (0 0 1 0 0)),60,((0 1 0 0 1 0 0 1 0) (0 0 1 0 0)),11
318
((0 0 0 0 0) (0 1 1 1 0 0 1 0 1)),9,((0 0 0 0 0) (0 0 1 0 0)),59,((0 1 0 0 1 0 0 1 0) (0 0 1 0 0)),11
317
((0 0 0 0 0) (0 1 1 1 0 0 1 0 1)),7,((0 0 0 0 0) (0 0 1 0 0)),63,((0 1 0 0 1 0 0 1 0) (0 0 1 0 0)),12
316
((0 0 0 0 0) (0 1 1 1 0 0 1 0 1)),8,((0 0 0 0 0) (0 0 1 0 0)),61,((0 1 0 0 1 0 0 1 0) (0 0 1 0 0)),16
315
((0 0 0 0 0) (0 1 1 1 0 0 1 0 1)),7,((0 0 0 0 0) (0 0 1 0 0)),63,((0 1 0 0 1 0 0 1 0) (0 0 1 0 0)),17
314
((0 0 0 0 0) (0 1 1 1 0 0 1 0 1)),9,((0 0 0 0 0) (0 0 1 0 0)),60,((0 1 0 0 1 0 0 1 0) (0 0 1 0 0)),18
313
((0 0 0 0 0) (0 1 1 1 0 0 1 0 1)),10,((0 0 0 0 0) (0 0 1 0 0)),61,((0 1 0 0 1 0 0 1 0) (0 0 1 0 0)),18
312
((0 0 0 0 0) (0 1 1 1 0 0 1 0 1)),10,((0 0 0 0 0) (0 0 1 0 0)),58,((0 1 0 0 1 0 0 1 0) (0 0 1 0 0)),20
311
((0 0 0 0 0) (0 1 1 1 0 0 1 0 1)),11,((0 0 0 0 0) (0 0 1 0 0)),61,((0 1 0 0 1 0 0 1 0) (0 0 1 0 0)),19
310
((0 0 0 0 0) (0 1 1 1 0 0 1 0 1)),12,((0 0 0 0 0) (0 0 1 0 0)),56,((0 1 0 0 1 0 0 1 0) (0 0 1 0 0)),24
309
((0 0 0 0 0) (0 1 1 1 0 0 1 0 1)),10,((0 0 0 0 0) (0 0 1 0 0)),56,((0 1 0 0 1 0 0 1 0) (0 0 1 0 0)),24
308
((0 0 0 0 0) (0 1 1 1 0 0 1 0 1)),8,((0 0 0 0 0) (0 0 1 0 0)),58,((0 1 0 0 1 0 0 1 0) (0 0 1 0 0)),24
307
((0 0 0 0 0) (0 1 1 1 0 0 1 0 1)),8,((0 0 0 0 0) (0 0 1 0 0)),57,((0 1 0 0 1 0 0 1 0) (0 0 1 0 0)),24
306
((0 0 0 0 0) (0 1 1 1 0 0 1 0 1)),9,((0 0 0 0 0) (0 0 1 0 0)),56,((0 1 0 0 1 0 0 1 0) (0 1 0 0 0 0 1 0 1)),6,((0 1 0 0 1 0 0 1 0) (0 0 1 0 0)),21
305
((0 0 0 0 0) (0 1 1 1 0 0 1 0 1)),11,((0 0 0 0 0) (0 0 1 0 0)),56,((0 1 0 0 1 0 0 1 0) (0 0 1 0 0)),22
304
((0 0 0 0 0) (0 1 1 1 0 0 1 0 1)),10,((0 0 0 0 0) (0 0 1 0 0)),56,((0 1 0 0 1 0 0 1 0) (0 0 1 0 0)),23
303
((0 0 0 0 0) (0 1 1 1 0 0 1 0 1)),8,((0 0 0 0 0) (0 0 1 0 0)),55,((0 1 0 0 1 0 0 1 0) (0 1 0 0 0 0 1 0 1)),6,((0 1 0 0 1 0 0 1 0) (0 0 1 0 0)),23
302
((0 0 0 0 0) (0 1 1 1 0 0 1 0 1)),8,((0 0 0 0 0) (0 0 1 0 0)),56,((0 1 0 0 1 0 0 1 0) (0 1 0 0 0 0 1 0 1)),6,((0 1 0 0 1 0 0 1 0) (0 0 1 0 0)),25
301
((0 0 0 0 0) (0 1 1 1 0 0 1 0 1)),8,((0 0 0 0 0) (0 0 1 0 0)),53,((0 1 0 0 1 0 0 1 0) (0 1 0 0 0 0 1 0 1)),6,((0 1 0 0 1 0 0 1 0) (0 0 1 0 0)),27
300
((0 0 0 0 0) (0 1 1 1 0 0 1 0 1)),10,((0 0 0 0 0) (0 0 1 0 0)),52,((0 1 0 0 1 0 0 1 0) (0 1 0 0 0 0 1 0 1)),6,((0 1 0 0 1 0 0 1 0) (0 0 1 0 0)),28
299
((0 0 0 0 0) (0 1 1 1 0 0 1 0 1)),11,((0 0 0 0 0) (0 0 1 0 0)),51,((0 1 0 0 1 0 0 1 0) (0 1 0 0 0 0 1 0 1)),7,((0 1 0 0 1 0 0 1 0) (0 0 1 0 0)),27
298
((0 0 0 0 0) (0 1 1 1 0 0 1 0 1)),13,((0 0 0 0 0) (0 0 1 0 0)),42,((0 1 0 0 1 0 0 1 0) (0 1 0 0 0 0 1 0 1)),9,((0 1 0 0 1 0 0 1 0) (0 0 1 0 0)),25
297
((0 0 0 0 0) (0 1 1 1 0 0 1 0 1)),12,((0 0 0 0 0) (0 0 1 0 0)),44,((0 1 0 0 1 0 0 1 0) (0 1 0 0 0 0 1 0 1)),10,((0 1 0 0 1 0 0 1 0) (0 0 1 0 0)),27
296
((0 0 0 0 0) (0 1 1 1 0 0 1 0 1)),14,((0 0 0 0 0) (0 0 1 0 0)),40,((0 1 0 0 1 0 0 1 0) (0 1 0 0 0 0 1 0 1)),10,((0 1 0 0 1 0 0 1 0) (0 0 1 0 0)),29
295
((0 0 0 0 0) (0 1 1 1 0 0 1 0 1)),18,((0 0 0 0 0) (0 0 1 0 0)),42,((0 1 0 0 1 0 0 1 0) (0 1 0 0 0 0 1 0 1)),6,((0 1 0 0 1 0 0 1 0) (0 0 1 0 0)),29
294
((0 0 0 0 0) (0 1 1 1 0 0 1 0 1)),17,((0 0 0 0 0) (0 0 1 0 0)),42,((0 1 0 0 1 0 0 1 0) (0 1 0 0 0 0 1 0 1)),8,((0 1 0 0 1 0 0 1 0) (0 0 1 0 0)),26
293
((0 0 0 0 0) (0 1 1 1 0 0 1 0 1)),16,((0 0 0 0 0) (0 0 1 0 0)),39,((0 1 0 0 1 0 0 1 0) (0 1 0 0 0 0 1 0 1)),6,((0 1 0 0 1 0 0 1 0) (0 0 1 0 0)),31
292
((0 0 0 0 0) (0 1 1 1 0 0 1 0 1)),15,((0 0 0 0 0) (0 0 1 0 0)),40,((0 1 0 0 1 0 0 1 0) (0 1 0 0 0 0 1 0 1)),7,((0 1 0 0 1 0 0 1 0) (0 0 1 0 0)),29
291
((0 0 0 0 0) (0 1 1 1 0 0 1 0 1)),15,((0 0 0 0 0) (0 0 1 0 0)),40,((0 1 0 0 1 0 0 1 0) (0 1 0 0 0 0 1 0 1)),7,((0 1 0 0 1 0 0 1 0) (0 0 1 0 0)),30
290
((0 0 0 0 0) (0 1 1 1 0 0 1 0 1)),16,((0 0 0 0 0) (0 0 1 0 0)),41,((0 1 0 0 1 0 0 1 0) (0 1 0 0 0 0 1 0 1)),7,((0 1 0 0 1 0 0 1 0) (0 0 1 0 0)),29
289
((0 0 0 0 0) (0 1 1 1 0 0 1 0 1)),13,((0 0 0 0 0) (0 0 1 0 0)),40,((0 1 0 0 1 0 0 1 0) (0 1 0 0 0 0 1 0 1)),9,((0 1 0 0 1 0 0 1 0) (0 0 1 0 0)),30
288
((0 0 0 0 0) (0 1 1 1 0 0 1 0 1)),12,((0 0 0 0 0) (0 0 1 0 0)),37,((0 1 0 0 1 0 0 1 0) (0 1 0 0 0 0 1 0 1)),10,((0 1 0 0 1 0 0 1 0) (0 0 1 0 0)),30
287
((0 0 0 0 0) (0 1 1 1 0 0 1 0 1)),13,((0 0 0 0 0) (0 0 1 0 0)),36,((0 1 0 0 1 0 0 1 0) (0 1 0 0 0 0 1 0 1)),7,((0 1 0 0 1 0 0 1 0) (0 0 1 0 0)),32
286
((0 0 0 0 0) (0 1 1 1 0 0 1 0 1)),13,((0 0 0 0 0) (0 0 1 0 0)),36,((0 1 0 0 1 0 0 1 0) (0 1 0 0 0 0 1 0 1)),7,((0 1 0 0 1 0 0 1 0) (0 0 1 0 0)),33
285
((0 0 0 0 0) (0 1 1 1 0 0 1 0 1)),11,((0 0 0 0 0) (0 0 1 0 0)),36,((0 1 0 0 1 0 0 1 0) (0 1 0 0 0 0 1 0 1)),6,((0 1 0 0 1 0 0 1 0) (0 0 1 0 0)),36
284
((0 0 0 0 0) (0 1 1 1 0 0 1 0 1)),13,((0 0 0 0 0) (0 0 1 0 0)),34,((0 1 0 0 1 0 0 1 0) (0 1 0 0 0 0 1 0 1)),7,((0 1 0 0 1 0 0 1 0) (0 0 1 0 0)),34
283
((0 0 0 0 0) (0 1 1 1 0 0 1 0 1)),14,((0 0 0 0 0) (0 0 1 0 0)),34,((0 1 0 0 1 0 0 1 0) (0 1 0 0 0 0 1 0 1)),7,((0 1 0 0 1 0 0 1 0) (0 0 1 0 0)),37
282
((0 0 0 0 0) (0 1 1 1 0 0 1 0 1)),10,((0 0 0 0 0) (0 0 1 0 0)),31,((0 1 0 0 1 0 0 1 0) (0 0 1 0 0)),45
281
((0 0 0 0 0) (0 1 1 1 0 0 1 0 1)),9,((0 0 0 0 0) (0 0 1 0 0)),30,((0 1 0 0 1 0 0 1 0) (0 0 1 0 0)),47
280
((0 0 0 0 0) (0 1 1 1 0 0 1 0 1)),9,((0 0 0 0 0) (0 0 1 0 0)),30,((0 1 0 0 1 0 0 1 0) (0 0 1 0 0)),47
279
((0 0 0 0 0) (0 1 1 1 0 0 1 0 1)),9,((0 0 0 0 0) (0 0 1 0 0)),29,((0 1 0 0 1 0 0 1 0) (0 0 1 0 0)),48
278
((0 0 0 0 0) (0 1 1 1 0 0 1 0 1)),10,((0 0 0 0 0) (0 0 1 0 0)),25,((0 1 0 0 1 0 0 1 0) (0 0 1 0 0)),50
277
((0 0 0 0 0) (0 1 1 1 0 0 1 0 1)),9,((0 0 0 0 0) (0 0 1 0 0)),26,((0 1 0 0 1 0 0 1 0) (0 0 1 0 0)),49
276
((0 0 0 0 0) (0 1 1 1 0 0 1 0 1)),10,((0 0 0 0 0) (0 0 1 0 0)),26,((0 1 0 0 1 0 0 1 0) (0 0 1 0 0)),49
275
((0 0 0 0 0) (0 1 1 1 0 0 1 0 1)),11,((0 0 0 0 0) (0 0 1 0 0)),21,((0 1 0 0 1 0 0 1 0) (0 0 1 0 0)),52
274
((0 0 0 0 0) (0 1 1 1 0 0 1 0 1)),12,((0 0 0 0 0) (0 0 1 0 0)),21,((0 1 0 0 1 0 0 1 0) (0 0 1 0 0)),53
273
((0 0 0 0 0) (0 1 1 1 0 0 1 0 1)),15,((0 0 0 0 0) (0 0 1 0 0)),20,((0 1 0 0 1 0 0 1 0) (0 0 1 0 0)),51
272
((0 0 0 0 0) (0 1 1 1 0 0 1 0 1)),17,((0 0 0 0 0) (0 0 1 0 0)),18,((0 1 0 0 1 0 0 1 0) (0 0 1 0 0)),50
271
((0 0 0 0 0) (0 1 1 1 0 0 1 0 1)),18,((0 0 0 0 0) (0 0 1 0 0)),18,((0 1 0 0 1 0 0 1 0) (0 0 1 0 0)),50
270
((0 0 0 0 0) (0 1 1 1 0 0 1 0 1)),21,((0 0 0 0 0) (0 0 1 0 0)),16,((0 1 0 0 1 0 0 1 0) (0 0 1 0 0)),50
269
((0 0 0 0 0) (0 1 1 1 0 0 1 0 1)),23,((0 0 0 0 0) (0 0 1 0 0)),18,((0 1 0 0 1 0 0 1 0) (0 0 1 0 0)),47
268
((0 0 0 0 0) (0 1 1 1 0 0 1 0 1)),27,((0 0 0 0 0) (0 0 1 0 0)),16,((0 1 0 0 1 0 0 1 0) (0 0 1 0 0)),45
267
((0 0 0 0 0) (0 1 1 1 0 0 1 0 1)),27,((0 0 0 0 0) (0 0 1 0 0)),16,((0 1 0 0 1 0 0 1 0) (0 0 1 0 0)),46
266
((0 0 0 0 0) (0 1 1 1 0 0 1 0 1)),26,((0 0 0 0 0) (0 0 1 0 0)),18,((0 1 0 0 1 0 0 1 0) (0 0 1 0 0)),43
265
((0 0 0 0 0) (0 1 1 1 0 0 1 0 1)),21,((0 0 0 0 0) (0 0 1 0 0)),18,((0 1 0 0 1 0 0 1 0) (0 0 1 0 0)),44
264
((0 0 0 0 0) (0 1 1 1 0 0 1 0 1)),24,((0 0 0 0 0) (0 0 1 0 0)),19,((0 1 0 0 1 0 0 1 0) (0 0 1 0 0)),44
263
((0 0 0 0 0) (0 1 1 1 0 0 1 0 1)),22,((0 0 0 0 0) (0 0 1 0 0)),20,((0 1 0 0 1 0 0 1 0) (0 0 1 0 0)),45
262
((0 0 0 0 0) (0 1 1 1 0 0 1 0 1)),22,((0 0 0 0 0) (0 0 1 0 0)),19,((0 1 0 0 1 0 0 1 0) (0 0 1 0 0)),43
261
((0 0 0 0 0) (0 1 1 1 0 0 1 0 1)),22,((0 0 0 0 0) (0 0 1 0 0)),22,((0 1 0 0 1 0 0 1 0) (0 0 1 0 0)),45
260
((0 0 0 0 0) (0 1 1 1 0 0 1 0 1)),23,((0 0 0 0 0) (0 0 1 0 0)),21,((0 1 0 0 1 0 0 1 0) (0 0 1 0 0)),46
259
((0 0 0 0 0) (0 1 1 1 0 0 1 0 1)),24,((0 0 0 0 0) (0 0 1 0 0)),22,((0 1 0 0 1 0 0 1 0) (0 0 1 0 0)),42
258
((0 0 0 0 0) (0 1 1 1 0 0 1 0 1)),22,((0 0 0 0 0) (0 0 1 0 0)),22,((0 1 0 0 1 0 0 1 0) (0 0 1 0 0)),44
257
((0 0 0 0 0) (0 1 1 1 0 0 1 0 1)),22,((0 0 0 0 0) (0 0 1 0 0)),22,((0 1 0 0 1 0 0 1 0) (0 0 1 0 0)),43
256
((0 0 0 0 0) (0 1 1 1 0 0 1 0 1)),24,((0 0 0 0 0) (0 0 1 0 0)),24,((0 1 0 0 1 0 0 1 0) (0 0 1 0 0)),41
255
((0 0 0 0 0) (0 1 1 1 0 0 1 0 1)),23,((0 0 0 0 0) (0 0 1 0 0)),24,((0 1 0 0 1 0 0 1 0) (0 0 1 0 0)),43
254
((0 0 0 0 0) (0 1 1 1 0 0 1 0 1)),26,((0 0 0 0 0) (0 0 1 0 0)),22,((0 1 0 0 1 0 0 1 0) (0 0 1 0 0)),39
253
((0 0 0 0 0) (0 1 1 1 0 0 1 0 1)),29,((0 0 0 0 0) (0 0 1 0 0)),23,((0 1 0 0 1 0 0 1 0) (0 0 1 0 0)),37
252
((0 0 0 0 0) (0 1 1 1 0 0 1 0 1)),27,((0 0 0 0 0) (0 0 1 0 0)),24,((0 1 0 0 1 0 0 1 0) (0 0 1 0 0)),39
251
((0 0 0 0 0) (0 1 1 1 0 0 1 0 1)),30,((0 0 0 0 0) (0 0 1 0 0)),19,((0 1 0 0 1 0 0 1 0) (0 0 1 0 0)),39
250
((0 0 0 0 0) (0 1 1 1 0 0 1 0 1)),27,((0 0 0 0 0) (0 0 1 0 0)),17,((0 1 0 0 1 0 0 1 0) (0 0 1 0 0)),41
249
((0 0 0 0 0) (0 1 1 1 0 0 1 0 1)),29,((0 0 0 0 0) (0 0 1 0 0)),22,((0 1 0 0 1 0 0 1 0) (0 0 1 0 0)),39
248
((0 0 0 0 0) (0 1 1 1 0 0 1 0 1)),33,((0 0 0 0 0) (0 0 1 0 0)),21,((0 1 0 0 1 0 0 1 0) (0 0 1 0 0)),38
247
((0 0 0 0 0) (0 1 1 1 0 0 1 0 1)),32,((0 0 0 0 0) (0 0 1 0 0)),19,((0 1 0 0 1 0 0 1 0) (0 0 1 0 0)),38
246
((0 0 0 0 0) (0 1 1 1 0 0 1 0 1)),34,((0 0 0 0 0) (0 0 1 0 0)),20,((0 1 0 0 1 0 0 1 0) (0 0 1 0 0)),36
245
((0 0 0 0 0) (0 1 1 1 0 0 1 0 1)),34,((0 0 0 0 0) (0 0 1 0 0)),17,((0 1 0 0 1 0 0 1 0) (0 0 1 0 0)),36
244
((0 0 0 0 0) (0 1 1 1 0 0 1 0 1)),34,((0 0 0 0 0) (0 0 1 0 0)),18,((0 1 0 0 1 0 0 1 0) (0 0 1 0 0)),37
243
((0 0 0 0 0) (0 1 1 1 0 0 1 0 1)),36,((0 0 0 0 0) (0 0 1 0 0)),17,((0 1 0 0 1 0 0 1 0) (0 0 1 0 0)),35
242
((0 0 0 0 0) (0 1 1 1 0 0 1 0 1)),36,((0 0 0 0 0) (0 0 1 0 0)),20,((0 1 0 0 1 0 0 1 0) (0 0 1 0 0)),31
241
((0 0 0 0 0) (0 1 1 1 0 0 1 0 1)),33,((0 0 0 0 0) (0 0 1 0 0)),22,((0 1 0 0 1 0 0 1 0) (0 0 1 0 0)),31
240
((0 0 0 0 0) (0 1 1 1 0 0 1 0 1)),34,((0 0 0 0 0) (0 0 1 0 0)),22,((0 1 0 0 1 0 0 1 0) (0 0 1 0 0)),31
239
((0 0 0 0 0) (0 1 1 1 0 0 1 0 1)),30,((0 0 0 0 0) (0 0 1 0 0)),18,((0 1 0 0 1 0 0 1 0) (0 0 1 0 0)),38
238
((0 0 0 0 0) (0 1 1 1 0 0 1 0 1)),32,((0 0 0 0 0) (0 0 1 0 0)),17,((0 1 0 0 1 0 0 1 0) (0 0 1 0 0)),42
237
((0 0 0 0 0) (0 1 1 1 0 0 1 0 1)),32,((0 0 0 0 0) (0 0 1 0 0)),16,((0 1 0 0 1 0 0 1 0) (0 0 1 0 0)),39
236
((0 0 0 0 0) (0 1 1 1 0 0 1 0 1)),31,((0 0 0 0 0) (0 0 1 0 0)),14,((0 1 0 0 1 0 0 1 0) (0 0 1 0 0)),43
235
((0 0 0 0 0) (0 1 1 1 0 0 1 0 1)),34,((0 0 0 0 0) (0 0 1 0 0)),13,((0 1 0 0 1 0 0 1 0) (0 0 1 0 0)),43
234
((0 0 0 0 0) (0 1 1 1 0 0 1 0 1)),35,((0 0 0 0 0) (0 0 1 0 0)),11,((0 1 0 0 1 0 0 1 0) (0 0 1 0 0)),41
233
((0 0 0 0 0) (0 1 1 1 0 0 1 0 1)),39,((0 0 0 0 0) (0 0 1 0 0)),9,((0 1 0 0 1 0 0 1 0) (0 0 1 0 0)),38
232
((0 0 0 0 0) (0 1 1 1 0 0 1 0 1)),39,((0 0 0 0 0) (0 0 1 0 0)),9,((0 1 0 0 1 0 0 1 0) (0 0 1 0 0)),38
231
((0 0 0 0 0) (0 1 1 1 0 0 1 0 1)),40,((0 0 0 0 0) (0 0 1 0 0)),10,((0 1 0 0 1 0 0 1 0) (0 0 1 0 0)),39
230
((0 0 0 0 0) (0 1 1 1 0 0 1 0 1)),40,((0 0 0 0 0) (0 0 1 0 0)),8,((0 1 0 0 1 0 0 1 0) (0 0 1 0 0)),38
229
((0 0 0 0 0) (0 1 1 1 0 0 1 0 1)),39,((0 0 0 0 0) (0 0 1 0 0)),8,((0 1 0 0 1 0 0 1 0) (0 0 1 0 0)),42
228
((0 0 0 0 0) (0 1 1 1 0 0 1 0 1)),40,((0 0 0 0 0) (0 0 1 0 0)),9,((0 1 0 0 1 0 0 1 0) (0 0 1 0 0)),44
227
((0 0 0 0 0) (0 1 1 1 0 0 1 0 1)),43,((0 0 0 0 0) (0 0 1 0 0)),7,((0 1 0 0 1 0 0 1 0) (0 0 1 0 0)),41
226
((0 0 0 0 0) (0 1 1 1 0 0 1 0 1)),44,((0 0 0 0 0) (0 0 1 0 0)),8,((0 1 0 0 1 0 0 1 0) (0 0 1 0 0)),37
225
((0 0 0 0 0) (0 1 1 1 0 0 1 0 1)),42,((0 0 0 0 0) (0 0 1 0 0)),10,((0 1 0 0 1 0 0 1 0) (0 0 1 0 0)),36
224
((0 0 0 0 0) (0 1 1 1 0 0 1 0 1)),41,((0 0 0 0 0) (0 0 1 0 0)),11,((0 1 0 0 1 0 0 1 0) (0 0 1 0 0)),39
223
((0 0 0 0 0) (0 1 1 1 0 0 1 0 1)),43,((0 0 0 0 0) (0 0 1 0 0)),10,((0 1 0 0 1 0 0 1 0) (0 0 1 0 0)),38
222
((0 0 0 0 0) (0 1 1 1 0 0 1 0 1)),45,((0 0 0 0 0) (0 0 1 0 0)),12,((0 1 0 0 1 0 0 1 0) (0 0 1 0 0)),34
221
((0 0 0 0 0) (0 1 1 1 0 0 1 0 1)),46,((0 0 0 0 0) (0 0 1 0 0)),11,((0 1 0 0 1 0 0 1 0) (0 0 1 0 0)),33
220
((0 0 0 0 0) (0 1 1 1 0 0 1 0 1)),45,((0 0 0 0 0) (0 0 1 0 0)),13,((0 1 0 0 1 0 0 1 0) (0 0 1 0 0)),35
219
((0 0 0 0 0) (0 1 1 1 0 0 1 0 1)),42,((0 0 0 0 0) (0 0 1 0 0)),14,((0 1 0 0 1 0 0 1 0) (0 0 1 0 0)),33
218
((0 0 0 0 0) (0 1 1 1 0 0 1 0 1)),43,((0 0 0 0 0) (0 0 1 0 0)),15,((0 1 0 0 1 0 0 1 0) (0 0 1 0 0)),33
217
((0 0 0 0 0) (0 1 1 1 0 0 1 0 1)),47,((0 0 0 0 0) (0 0 1 0 0)),16,((0 1 0 0 1 0 0 1 0) (0 0 1 0 0)),27
216
((0 0 0 0 0) (0 1 1 1 0 0 1 0 1)),51,((0 0 0 0 0) (0 0 1 0 0)),14,((0 1 0 0 1 0 0 1 0) (0 0 1 0 0)),27
215
((0 0 0 0 0) (0 1 1 1 0 0 1 0 1)),54,((0 0 0 0 0) (0 0 1 0 0)),12,((0 1 0 0 1 0 0 1 0) (0 0 1 0 0)),24
214
((0 0 0 0 0) (0 1 1 1 0 0 1 0 1)),54,((0 0 0 0 0) (0 0 1 0 0)),10,((0 1 0 0 1 0 0 1 0) (0 0 1 0 0)),25
213
((0 0 0 0 0) (0 1 1 1 0 0 1 0 1)),58,((0 0 0 0 0) (0 0 1 0 0)),8,((0 1 0 0 1 0 0 1 0) (0 0 1 0 0)),25
212
((0 0 0 0 0) (0 1 1 1 0 0 1 0 1)),54,((0 0 0 0 0) (0 0 1 0 0)),6,((0 1 0 0 1 0 0 1 0) (0 0 1 0 0)),28
211
((0 0 0 0 0) (0 1 1 1 0 0 1 0 1)),60,((0 1 0 0 1 0 0 1 0) (0 0 1 0 0)),29
210
((0 0 0 0 0) (0 1 1 1 0 0 1 0 1)),55,((0 1 0 0 1 0 0 1 0) (0 0 1 0 0)),34
209
((0 0 0 0 0) (0 1 1 1 0 0 1 0 1)),56,((0 1 0 0 1 0 0 1 0) (0 0 1 0 0)),32
208
((0 0 0 0 0) (0 1 1 1 0 0 1 0 1)),53,((0 1 0 0 1 0 0 1 0) (0 0 1 0 0)),37
207
((0 0 0 0 0) (0 1 1 1 0 0 1 0 1)),53,((0 1 0 0 1 0 0 1 0) (0 0 1 0 0)),36
206
((0 0 0 0 0) (0 1 1 1 0 0 1 0 1)),51,((0 0 0 0 0) (0 0 1 0 0)),6,((0 1 0 0 1 0 0 1 0) (0 0 1 0 0)),34
205
((0 0 0 0 0) (0 1 1 1 0 0 1 0 1)),45,((0 0 0 0 0) (0 0 1 0 0)),7,((0 1 0 0 1 0 0 1 0) (0 0 1 0 0)),40
204
((0 0 0 0 0) (0 1 1 1 0 0 1 0 1)),44,((0 0 0 0 0) (0 0 1 0 0)),6,((0 1 0 0 1 0 0 1 0) (0 0 1 0 0)),42
203
((0 0 0 0 0) (0 1 1 1 0 0 1 0 1)),40,((0 0 0 0 0) (0 0 1 0 0)),6,((0 1 0 0 1 0 0 1 0) (0 0 1 0 0)),43
202
((0 0 0 0 0) (0 1 1 1 0 0 1 0 1)),43,((0 0 0 0 0) (0 0 1 0 0)),8,((0 1 0 0 1 0 0 1 0) (0 0 1 0 0)),40
201
((0 0 0 0 0) (0 1 1 1 0 0 1 0 1)),47,((0 0 0 0 0) (0 0 1 0 0)),8,((0 1 0 0 1 0 0 1 0) (0 0 1 0 0)),38
200
((0 0 0 0 0) (0 1 1 1 0 0 1 0 1)),47,((0 0 0 0 0) (0 0 1 0 0)),8,((0 1 0 0 1 0 0 1 0) (0 0 1 0 0)),38
199
((0 0 0 0 0) (0 1 1 1 0 0 1 0 1)),46,((0 0 0 0 0) (0 0 1 0 0)),9,((0 1 0 0 1 0 0 1 0) (0 0 1 0 0)),37
198
((0 0 0 0 0) (0 1 1 1 0 0 1 0 1)),47,((0 0 0 0 0) (0 0 1 0 0)),9,((0 1 0 0 1 0 0 1 0) (0 0 1 0 0)),36
197
((0 0 0 0 0) (0 1 1 1 0 0 1 0 1)),47,((0 0 0 0 0) (0 0 1 0 0)),9,((0 1 0 0 1 0 0 1 0) (0 0 1 0 0)),38
196
((0 0 0 0 0) (0 1 1 1 0 0 1 0 1)),43,((0 0 0 0 0) (0 0 1 0 0)),8,((0 1 0 0 1 0 0 1 0) (0 0 1 0 0)),40
195
((0 0 0 0 0) (0 1 1 1 0 0 1 0 1)),43,((0 0 0 0 0) (0 0 1 0 0)),7,((0 1 0 0 1 0 0 1 0) (0 0 1 0 0)),41
194
((0 0 0 0 0) (0 1 1 1 0 0 1 0 1)),46,((0 0 0 0 0) (0 0 1 0 0)),7,((0 1 0 0 1 0 0 1 0) (0 0 1 0 0)),42
193
((0 0 0 0 0) (0 1 1 1 0 0 1 0 1)),43,((0 0 0 0 0) (0 0 1 0 0)),9,((0 1 0 0 1 0 0 1 0) (0 0 1 0 0)),43
192
((0 0 0 0 0) (0 1 1 1 0 0 1 0 1)),43,((0 0 0 0 0) (0 0 1 0 0)),11,((0 1 0 0 1 0 0 1 0) (0 0 1 0 0)),39
191
((0 0 0 0 0) (0 1 1 1 0 0 1 0 1)),41,((0 0 0 0 0) (0 0 1 0 0)),13,((0 1 0 0 1 0 0 1 0) (0 0 1 0 0)),39
190
((0 0 0 0 0) (0 1 1 1 0 0 1 0 1)),40,((0 0 0 0 0) (0 0 1 0 0)),13,((0 1 0 0 1 0 0 1 0) (0 0 1 0 0)),37
189
((0 0 0 0 0) (0 1 1 1 0 0 1 0 1)),39,((0 0 0 0 0) (0 0 1 0 0)),10,((0 1 0 0 1 0 0 1 0) (0 0 1 0 0)),40
188
((0 0 0 0 0) (0 1 1 1 0 0 1 0 1)),44,((0 0 0 0 0) (0 0 1 0 0)),11,((0 1 0 0 1 0 0 1 0) (0 0 1 0 0)),36
187
((0 0 0 0 0) (0 1 1 1 0 0 1 0 1)),43,((0 0 0 0 0) (0 0 1 0 0)),10,((0 1 0 0 1 0 0 1 0) (0 0 1 0 0)),38
186
((0 0 0 0 0) (0 1 1 1 0 0 1 0 1)),41,((0 0 0 0 0) (0 0 1 0 0)),10,((0 1 0 0 1 0 0 1 0) (0 0 1 0 0)),38
185
((0 0 0 0 0) (0 1 1 1 0 0 1 0 1)),42,((0 0 0 0 0) (0 0 1 0 0)),10,((0 1 0 0 1 0 0 1 0) (0 0 1 0 0)),40
184
((0 0 0 0 0) (0 1 1 1 0 0 1 0 1)),44,((0 0 0 0 0) (0 0 1 0 0)),8,((0 1 0 0 1 0 0 1 0) (0 0 1 0 0)),39
183
((0 0 0 0 0) (0 1 1 1 0 0 1 0 1)),43,((0 0 0 0 0) (0 0 1 0 0)),10,((0 1 0 0 1 0 0 1 0) (0 0 1 0 0)),38
182
((0 0 0 0 0) (0 1 1 1 0 0 1 0 1)),40,((0 0 0 0 0) (0 0 1 0 0)),11,((0 1 0 0 1 0 0 1 0) (0 0 1 0 0)),37
181
((0 0 0 0 0) (0 1 1 1 0 0 1 0 1)),38,((0 0 0 0 0) (0 0 1 0 0)),11,((0 1 0 0 1 0 0 1 0) (0 0 1 0 0)),41
180
((0 0 0 0 0) (0 1 1 1 0 0 1 0 1)),37,((0 0 0 0 0) (0 0 1 0 0)),12,((0 1 0 0 1 0 0 1 0) (0 0 1 0 0)),42
179
((0 0 0 0 0) (0 1 1 1 0 0 1 0 1)),39,((0 0 0 0 0) (0 0 1 0 0)),12,((0 1 0 0 1 0 0 1 0) (0 0 1 0 0)),40
178
((0 0 0 0 0) (0 1 1 1 0 0 1 0 1)),41,((0 0 0 0 0) (0 0 1 0 0)),11,((0 1 0 0 1 0 0 1 0) (0 0 1 0 0)),39
177
((0 0 0 0 0) (0 1 1 1 0 0 1 0 1)),38,((0 0 0 0 0) (0 0 1 0 0)),10,((0 1 0 0 1 0 0 1 0) (0 0 1 0 0)),40
176
((0 0 0 0 0) (0 1 1 1 0 0 1 0 1)),39,((0 0 0 0 0) (0 0 1 0 0)),10,((0 1 0 0 1 0 0 1 0) (0 0 1 0 0)),39
175
((0 0 0 0 0) (0 1 1 1 0 0 1 0 1)),39,((0 0 0 0 0) (0 0 1 0 0)),10,((0 1 0 0 1 0 0 1 0) (0 0 1 0 0)),40
174
((0 0 0 0 0) (0 1 1 1 0 0 1 0 1)),37,((0 0 0 0 0) (0 0 1 0 0)),11,((0 1 0 0 1 0 0 1 0) (0 0 1 0 0)),41
173
((0 0 0 0 0) (0 1 1 1 0 0 1 0 1)),36,((0 0 0 0 0) (0 0 1 0 0)),12,((0 1 0 0 1 0 0 1 0) (0 0 1 0 0)),41
172
((0 0 0 0 0) (0 1 1 1 0 0 1 0 1)),33,((0 0 0 0 0) (0 0 1 0 0)),10,((0 1 0 0 1 0 0 1 0) (0 0 1 0 0)),42
171
((0 0 0 0 0) (0 1 1 1 0 0 1 0 1)),35,((0 0 0 0 0) (0 0 1 0 0)),10,((0 1 0 0 1 0 0 1 0) (0 0 1 0 0)),43
170
((0 0 0 0 0) (0 1 1 1 0 0 1 0 1)),33,((0 0 0 0 0) (0 0 1 0 0)),11,((0 1 0 0 1 0 0 1 0) (0 0 1 0 0)),44
169
((0 0 0 0 0) (0 1 1 1 0 0 1 0 1)),34,((0 0 0 0 0) (0 0 1 0 0)),11,((0 1 0 0 1 0 0 1 0) (0 0 1 0 0)),42
168
((0 0 0 0 0) (0 1 1 1 0 0 1 0 1)),33,((0 0 0 0 0) (0 0 1 0 0)),8,((0 1 0 0 1 0 0 1 0) (0 0 1 0 0)),44
167
((0 0 0 0 0) (0 1 1 1 0 0 1 0 1)),32,((0 0 0 0 0) (0 0 1 0 0)),6,((0 1 0 0 1 0 0 1 0) (0 0 1 0 0)),45
166
((0 0 0 0 0) (0 1 1 1 0 0 1 0 1)),33,((0 0 0 0 0) (0 0 1 0 0)),6,((0 1 0 0 1 0 0 1 0) (0 0 1 0 0)),45
165
((0 0 0 0 0) (0 1 1 1 0 0 1 0 1)),35,((0 1 0 0 1 0 0 1 0) (0 0 1 0 0)),45
164
((0 0 0 0 0) (0 1 1 1 0 0 1 0 1)),32,((0 1 0 0 1 0 0 1 0) (0 0 1 0 0)),46
163
((0 0 0 0 0) (0 1 1 1 0 0 1 0 1)),35,((0 0 0 0 0) (0 0 1 0 0)),6,((0 1 0 0 1 0 0 1 0) (0 0 1 0 0)),43
162
((0 0 0 0 0) (0 1 1 1 0 0 1 0 1)),34,((0 0 0 0 0) (0 0 1 0 0)),6,((0 1 0 0 1 0 0 1 0) (0 0 1 0 0)),45
161
((0 0 0 0 0) (0 1 1 1 0 0 1 0 1)),35,((0 0 0 0 0) (0 0 1 0 0)),6,((0 1 0 0 1 0 0 1 0) (0 0 1 0 0)),44
160
((0 0 0 0 0) (0 1 1 1 0 0 1 0 1)),36,((0 1 0 0 1 0 0 1 0) (0 0 1 0 0)),47
159
((0 0 0 0 0) (0 1 1 1 0 0 1 0 1)),36,((0 0 0 0 0) (0 0 1 0 0)),6,((0 1 0 0 1 0 0 1 0) (0 0 1 0 0)),43
158
((0 0 0 0 0) (0 1 1 1 0 0 1 0 1)),35,((0 0 0 0 0) (0 0 1 0 0)),6,((0 1 0 0 1 0 0 1 0) (0 0 1 0 0)),45
157
((0 0 0 0 0) (0 1 1 1 0 0 1 0 1)),36,((0 0 0 0 0) (0 0 1 0 0)),6,((0 1 0 0 1 0 0 1 0) (0 0 1 0 0)),43
156
((0 0 0 0 0) (0 1 1 1 0 0 1 0 1)),35,((0 0 0 0 0) (0 0 1 0 0)),6,((0 1 0 0 1 0 0 1 0) (0 0 1 0 0)),40
155
((0 0 0 0 0) (0 1 1 1 0 0 1 0 1)),32,((0 0 0 0 0) (0 0 1 0 0)),6,((0 1 0 0 1 0 0 1 0) (0 0 1 0 0)),42
154
((0 0 0 0 0) (0 1 1 1 0 0 1 0 1)),32,((0 1 0 0 1 0 0 1 0) (0 0 1 0 0)),43
153
((0 0 0 0 0) (0 1 1 1 0 0 1 0 1)),30,((0 1 0 0 1 0 0 1 0) (0 0 1 0 0)),47
152
((0 0 0 0 0) (0 1 1 1 0 0 1 0 1)),32,((0 1 0 0 1 0 0 1 0) (0 0 1 0 0)),49
151
((0 0 0 0 0) (0 1 1 1 0 0 1 0 1)),29,((0 1 0 0 1 0 0 1 0) (0 0 1 0 0)),48
150
((0 0 0 0 0) (0 1 1 1 0 0 1 0 1)),27,((0 1 0 0 1 0 0 1 0) (0 0 1 0 0)),53
149
((0 0 0 0 0) (0 1 1 1 0 0 1 0 1)),24,((0 1 0 0 1 0 0 1 0) (0 0 1 0 0)),54
148
((0 0 0 0 0) (0 1 1 1 0 0 1 0 1)),25,((0 1 0 0 1 0 0 1 0) (0 0 1 0 0)),55
147
((0 0 0 0 0) (0 1 1 1 0 0 1 0 1)),27,((0 1 0 0 1 0 0 1 0) (0 0 1 0 0)),56
146
((0 0 0 0 0) (0 1 1 1 0 0 1 0 1)),25,((0 1 0 0 1 0 0 1 0) (0 0 1 0 0)),53
145
((0 0 0 0 0) (0 1 1 1 0 0 1 0 1)),23,((0 1 0 0 1 0 0 1 0) (0 0 1 0 0)),53
144
((0 0 0 0 0) (0 1 1 1 0 0 1 0 1)),23,((0 1 0 0 1 0 0 1 0) (0 0 1 0 0)),52
143
((0 0 0 0 0) (0 1 1 1 0 0 1 0 1)),21,((0 1 0 0 1 0 0 1 0) (0 0 1 0 0)),52
142
((0 0 0 0 0) (0 1 1 1 0 0 1 0 1)),22,((0 1 0 0 1 0 0 1 0) (0 0 1 0 0)),54
141
((0 0 0 0 0) (0 1 1 1 0 0 1 0 1)),20,((0 1 0 0 1 0 0 1 0) (0 0 1 0 0)),54,((0 1 0 0 1 0 0 1 0) (0 1 1 1 1 0 1 1 0)),6
140
((0 0 0 0 0) (0 1 1 1 0 0 1 0 1)),18,((0 1 0 0 1 0 0 1 0) (0 0 1 0 0)),56,((0 1 0 0 1 0 1 1 0) (0 0 1 0 0)),6
139
((0 0 0 0 0) (0 1 1 1 0 0 1 0 1)),19,((0 1 0 0 1 0 0 1 0) (0 0 1 0 0)),55,((0 1 0 0 1 0 1 1 0) (0 0 1 0 0)),6
138
((0 0 0 0 0) (0 1 1 1 0 0 1 0 1)),18,((0 1 0 0 1 0 0 1 0) (0 0 1 0 0)),54,((0 1 0 0 1 0 1 1 0) (0 0 1 0 0)),6
137
((0 0 0 0 0) (0 1 1 1 0 0 1 0 1)),17,((0 1 0 0 1 0 0 1 0) (0 0 1 0 0)),57,((0 1 0 0 1 0 1 1 0) (0 0 1 0 0)),6
136
((0 1 0 0 1 2 0 2 2 0 0 1 2) (0 0 1 0 0)),7,((0 0 0 0 0) (0 1 1 1 0 0 1 0 1)),14,((0 1 0 0 1 0 0 1 0) (0 0 1 0 0)),58
135
((0 1 0 0 1 2 0 2 2 0 0 1 2) (0 0 1 0 0)),8,((0 0 0 0 0) (0 1 1 1 0 0 1 0 1)),15,((0 1 0 0 1 0 0 1 0) (0 0 1 0 0)),57
134
((0 1 0 0 1 2 0 2 2 0 0 1 2) (0 0 1 0 0)),8,((0 0 0 0 0) (0 1 1 1 0 0 1 0 1)),14,((0 1 0 0 1 0 0 1 0) (0 0 1 0 0)),62
133
((0 1 0 0 1 2 0 2 2 0 0 1 2) (0 0 1 0 0)),7,((0 0 0 0 0) (0 1 1 1 0 0 1 0 1)),16,((0 1 0 0 1 0 0 1 0) (0 0 1 0 0)),58
132
((0 1 0 0 1 2 0 2 2 0 0 1 2) (0 0 1 0 0)),8,((0 0 0 0 0) (0 1 1 1 0 0 1 0 1)),15,((0 1 0 0 1 0 0 1 0) (0 0 1 0 0)),56
131
((0 1 0 0 1 2 0 2 2 0 0 1 2) (0 0 1 0 0)),9,((0 0 0 0 0) (0 1 1 1 0 0 1 0 1)),17,((0 1 0 0 1 0 0 1 0) (0 0 1 0 0)),57
130
((0 1 0 0 1 2 0 2 2 0 0 1 2) (0 0 1 0 0)),8,((0 0 0 0 0) (0 1 1 1 0 0 1 0 1)),15,((0 1 0 0 1 0 0 1 0) (0 0 1 0 0)),56
129
((0 1 0 0 1 2 0 2 2 0 0 1 2) (0 0 1 0 0)),9,((0 0 0 0 0) (0 1 1 1 0 0 1 0 1)),15,((0 1 0 0 1 0 0 1 0) (0 0 1 0 0)),55
128
((0 1 0 0 1 2 0 2 2 0 0 1 2) (0 0 1 0 0)),9,((0 0 0 0 0) (0 1 1 1 0 0 1 0 1)),20,((0 1 0 0 1 0 0 1 0) (0 0 1 0 0)),52
127
((0 1 0 0 1 2 0 2 2 0 0 1 2) (0 0 1 0 0)),8,((0 0 0 0 0) (0 1 1 1 0 0 1 0 1)),21,((0 1 0 0 1 0 0 1 0) (0 0 1 0 0)),51
126
((0 1 0 0 1 2 0 2 2 0 0 1 2) (0 0 1 0 0)),7,((0 0 0 0 0) (0 1 1 1 0 0 1 0 1)),22,((0 1 0 0 1 0 0 1 0) (0 0 1 0 0)),51
125
((0 1 0 0 1 2 0 2 2 0 0 1 2) (0 0 1 0 0)),7,((0 0 0 0 0) (0 1 1 1 0 0 1 0 1)),25,((0 1 0 0 1 0 0 1 0) (0 0 1 0 0)),51
124
((0 1 0 0 1 2 0 2 2 0 0 1 2) (0 0 1 0 0)),7,((0 0 0 0 0) (0 1 1 1 0 0 1 0 1)),25,((0 1 0 0 1 0 0 1 0) (0 0 1 0 0)),50
123
((0 1 0 0 1 2 0 2 2 0 0 1 2) (0 0 1 0 0)),7,((0 0 0 0 0) (0 1 1 1 0 0 1 0 1)),26,((0 1 0 0 1 0 0 1 0) (0 0 1 0 0)),48
122
((0 1 0 0 1 2 0 2 2 0 0 1 2) (0 0 1 0 0)),9,((0 0 0 0 0) (0 1 1 1 0 0 1 0 1)),26,((0 1 0 0 1 0 0 1 0) (0 0 1 0 0)),48
121
((0 1 0 0 1 2 0 2 2 0 0 1 2) (0 0 1 0 0)),11,((0 0 0 0 0) (0 1 1 1 0 0 1 0 1)),25,((0 1 0 0 1 0 0 1 0) (0 0 1 0 0)),48
120
((0 1 0 0 1 2 0 2 2 0 0 1 2) (0 0 1 0 0)),11,((0 0 0 0 0) (0 1 1 1 0 0 1 0 1)),21,((0 1 0 0 1 0 0 1 0) (0 0 1 0 0)),52
119
((0 1 0 0 1 2 0 2 2 0 0 1 2) (0 0 1 0 0)),8,((0 0 0 0 0) (0 1 1 1 0 0 1 0 1)),25,((0 1 0 0 1 0 0 1 0) (0 0 1 0 0)),54
118
((0 1 0 0 1 2 0 2 2 0 0 1 2) (0 0 1 0 0)),7,((0 0 0 0 0) (0 1 1 1 0 0 1 0 1)),23,((0 1 0 0 1 0 0 1 0) (0 0 1 0 0)),52
117
((0 1 0 0 1 2 0 2 2 0 0 1 2) (0 0 1 0 0)),7,((0 0 0 0 0) (0 1 1 1 0 0 1 0 1)),24,((0 1 0 0 1 0 0 1 0) (0 0 1 0 0)),52
116
((0 1 0 0 1 2 0 2 2 0 0 1 2) (0 0 1 0 0)),7,((0 0 0 0 0) (0 1 1 1 0 0 1 0 1)),28,((0 1 0 0 1 0 0 1 0) (0 0 1 0 0)),46
115
((0 1 0 0 1 2 0 2 2 0 0 1 2) (0 0 1 0 0)),9,((0 0 0 0 0) (0 1 1 1 0 0 1 0 1)),28,((0 1 0 0 1 0 0 1 0) (0 0 1 0 0)),47
114
((0 1 0 0 1 2 0 2 2 0 0 1 2) (0 0 1 0 0)),7,((0 0 0 0 0) (0 1 1 1 0 0 1 0 1)),27,((0 1 0 0 1 0 0 1 0) (0 0 1 0 0)),46
113
((0 1 0 0 1 2 0 2 2 0 0 1 2) (0 0 1 0 0)),7,((0 0 0 0 0) (0 1 1 1 0 0 1 0 1)),27,((0 1 0 0 1 0 0 1 0) (0 0 1 0 0)),45
112
((0 1 0 0 1 2 0 2 2 0 0 1 2) (0 0 1 0 0)),6,((0 0 0 0 0) (0 1 1 1 0 0 1 0 1)),29,((0 1 0 0 1 0 0 1 0) (0 0 1 0 0)),45
111
((0 1 0 0 1 2 0 2 2 0 0 1 2) (0 0 1 0 0)),6,((0 0 0 0 0) (0 1 1 1 0 0 1 0 1)),27,((0 1 0 0 1 0 0 1 0) (0 0 1 0 0)),43
110
((0 1 0 0 1 2 0 2 2 0 0 1 2) (0 0 1 0 0)),6,((0 0 0 0 0) (0 1 1 1 0 0 1 0 1)),27,((0 1 0 0 1 0 0 1 0) (0 0 1 0 0)),44
109
((0 1 0 0 1 2 0 2 2 0 0 1 2) (0 0 1 0 0)),6,((0 0 0 0 0) (0 1 1 1 0 0 1 0 1)),28,((0 1 0 0 1 0 0 1 0) (0 0 1 0 0)),44
108
((0 0 0 0 0) (0 1 1 1 0 0 1 0 1)),27,((0 1 0 2 1 2 1 1 1 0 0 1 0) (0 0 1 0 0)),6,((0 1 0 0 1 0 0 1 0) (0 0 1 0 0)),46
107
((0 0 0 0 0) (0 1 1 1 0 0 1 0 1)),26,((0 1 0 2 1 2 1 1 1 0 0 1 0) (0 0 1 0 0)),6,((0 1 0 0 1 0 0 1 0) (0 0 1 0 0)),49
106
((0 0 0 0 0) (0 1 1 1 0 0 1 0 1)),28,((0 1 0 2 1 2 1 1 1 0 0 1 0) (0 0 1 0 0)),6,((0 1 0 0 1 0 0 1 0) (0 0 1 0 0)),51
105
((0 0 0 0 0) (0 1 1 1 0 0 1 0 1)),29,((0 1 0 0 1 0 0 1 0) (0 0 1 0 0)),51
104
((0 0 0 0 0) (0 1 1 1 0 0 1 0 1)),29,((0 1 0 0 1 0 0 1 0) (0 0 1 0 0)),48
103
((0 0 0 0 0) (0 1 1 1 0 0 1 0 1)),32,((0 1 0 0 1 0 0 1 0) (0 0 1 0 0)),45
102
((0 0 0 0 0) (0 1 1 1 0 0 1 0 1)),32,((0 1 0 0 1 0 0 1 0) (0 0 1 0 0)),46
101
((0 1 0 0 1 2 0 2 2 0 0 1 2) (0 0 1 0 0)),7,((0 0 0 0 0) (0 1 1 1 0 0 1 0 1)),33,((0 1 0 2 1 2 1 1 1 0 0 1 0) (0 0 1 0 0)),6,((0 1 0 0 1 0 0 1 0) (0 0 1 0 0)),44
100
((0 1 0 0 1 2 0 2 2 0 0 1 2) (0 0 1 0 0)),7,((0 0 0 0 0) (0 1 1 1 0 0 1 0 1)),35,((0 1 0 2 1 2 1 1 1 0 0 1 0) (0 0 1 0 0)),7,((0 1 0 0 1 0 0 1 0) (0 0 1 0 0)),42
99
((0 1 0 0 1 2 0 2 2 0 0 1 2) (0 0 1 0 0)),8,((0 0 0 0 0) (0 1 1 1 0 0 1 0 1)),34,((0 1 0 2 1 2 1 1 1 0 0 1 0) (0 0 1 0 0)),6,((0 1 0 0 1 0 0 1 0) (0 0 1 0 0)),40
98
((0 1 0 0 1 2 0 2 2 0 0 1 2) (0 0 1 0 0)),8,((0 0 0 0 0) (0 1 1 1 0 0 1 0 1)),32,((0 1 0 2 1 2 1 1 1 0 0 1 0) (0 0 1 0 0)),6,((0 1 0 0 1 0 0 1 0) (0 0 1 0 0)),43
97
((0 1 0 0 1 2 0 2 2 0 0 1 2) (0 0 1 0 0)),8,((0 0 0 0 0) (0 1 1 1 0 0 1 0 1)),35,((0 1 0 2 1 2 1 1 1 0 0 1 0) (0 0 1 0 0)),6,((0 1 0 0 1 0 0 1 0) (0 0 1 0 0)),38
96
((0 1 0 0 1 2 0 2 2 0 0 1 2) (0 0 1 0 0)),6,((0 0 0 0 0) (0 1 1 1 0 0 1 0 1)),36,((0 1 0 2 1 2 1 1 1 0 0 1 0) (0 0 1 0 0)),8,((0 1 0 0 1 0 0 1 0) (0 0 1 0 0)),40
95
((0 1 0 0 1 2 0 2 2 0 0 1 2) (0 0 1 0 0)),6,((0 0 0 0 0) (0 1 1 1 0 0 1 0 1)),36,((0 1 0 2 1 2 1 1 1 0 0 1 0) (0 0 1 0 0)),7,((0 1 0 0 1 0 0 1 0) (0 0 1 0 0)),37
94
((0 1 0 0 1 2 0 2 2 0 0 1 2) (0 0 1 0 0)),6,((0 0 0 0 0) (0 1 1 1 0 0 1 0 1)),34,((0 1 0 2 1 2 1 1 1 0 0 1 0) (0 0 1 0 0)),6,((0 1 0 0 1 0 0 1 0) (0 0 1 0 0)),40
93
((0 1 0 0 1 2 0 2 2 0 0 1 2) (0 0 1 0 0)),6,((0 0 0 0 0) (0 1 1 1 0 0 1 0 1)),35,((0 1 0 2 1 2 1 1 1 0 0 1 0) (0 0 1 0 0)),6,((0 1 0 0 1 0 0 1 0) (0 0 1 0 0)),38
92
((0 1 0 0 1 2 0 2 2 0 0 1 2) (0 0 1 0 0)),7,((0 0 0 0 0) (0 1 1 1 0 0 1 0 1)),32,((0 1 0 2 1 2 1 1 1 0 0 1 0) (0 0 1 0 0)),8,((0 1 0 0 1 0 0 1 0) (0 0 1 0 0)),40
91
((0 1 0 0 1 2 0 2 2 0 0 1 2) (0 0 1 0 0)),6,((0 0 0 0 0) (0 1 1 1 0 0 1 0 1)),34,((0 1 0 2 1 2 1 1 1 0 0 1 0) (0 0 1 0 0)),9,((0 1 0 0 1 0 0 1 0) (0 0 1 0 0)),33
90
((0 1 0 0 1 2 0 2 2 0 0 1 2) (0 0 1 0 0)),7,((0 0 0 0 0) (0 1 1 1 0 0 1 0 1)),35,((0 1 0 2 1 2 1 1 1 0 0 1 0) (0 0 1 0 0)),10,((0 1 0 0 1 0 0 1 0) (0 0 1 0 0)),33
89
((0 1 0 0 1 2 0 2 2 0 0 1 2) (0 0 1 0 0)),8,((0 0 0 0 0) (0 1 1 1 0 0 1 0 1)),33,((0 1 0 2 1 2 1 1 1 0 0 1 0) (0 0 1 0 0)),10,((0 1 0 0 1 0 0 1 0) (0 0 1 0 0)),30
88
((0 1 0 0 1 2 0 2 2 0 0 1 2) (0 0 1 0 0)),9,((0 0 0 0 0) (0 1 1 1 0 0 1 0 1)),31,((0 1 0 2 1 2 1 1 1 0 0 1 0) (0 0 1 0 0)),12,((0 1 0 0 1 0 0 1 0) (0 0 1 0 0)),29
87
((0 1 0 0 1 2 0 2 2 0 0 1 2) (0 0 1 0 0)),8,((0 0 0 0 0) (0 1 1 1 0 0 1 0 1)),32,((0 1 0 2 1 2 1 1 1 0 0 1 0) (0 0 1 0 0)),10,((0 1 0 0 1 0 0 1 0) (0 0 1 0 0)),28
86
((0 1 0 0 1 2 0 2 2 0 0 1 2) (0 0 1 0 0)),9,((0 0 0 0 0) (0 1 1 1 0 0 1 0 1)),35,((0 1 0 2 1 2 1 1 1 0 0 1 0) (0 0 1 0 0)),10,((0 1 0 0 1 0 0 1 0) (0 0 1 0 0)),28
85
((0 1 0 0 1 2 0 2 2 0 0 1 2) (0 0 1 0 0)),9,((0 1 0 0 0 0 0 0 0) (0 0 1 0 0)),6,((0 0 0 0 0) (0 1 1 1 0 0 1 0 1)),36,((0 1 0 2 1 2 1 1 1 0 0 1 0) (0 0 1 0 0)),10,((0 1 0 0 1 0 0 1 0) (0 0 1 0 0)),27
84
((0 1 0 0 1 2 0 2 2 0 0 1 2) (0 0 1 0 0)),9,((0 0 0 0 0) (0 1 1 1 0 0 1 0 1)),35,((0 1 0 2 1 2 1 1 1 0 0 1 0) (0 0 1 0 0)),10,((0 1 0 0 1 0 0 1 0) (0 0 1 0 0)),27
83
((0 1 0 0 1 2 0 2 2 0 0 1 2) (0 0 1 0 0)),12,((0 0 0 0 0) (0 1 1 1 0 0 1 0 1)),35,((0 1 0 2 1 2 1 1 1 0 0 1 0) (0 0 1 0 0)),9,((0 1 0 0 1 0 0 1 0) (0 0 1 0 0)),25
82
((0 1 0 0 1 2 0 2 2 0 0 1 2) (0 0 1 0 0)),11,((0 0 0 0 0) (0 1 1 1 0 0 1 0 1)),35,((0 1 0 2 1 2 1 1 1 0 0 1 0) (0 0 1 0 0)),8,((0 1 0 0 1 0 0 1 0) (0 0 1 0 0)),31
81
((0 1 0 0 1 2 0 2 2 0 0 1 2) (0 0 1 0 0)),8,((0 0 0 0 0) (0 1 1 1 0 0 1 0 1)),36,((0 1 0 2 1 2 1 1 1 0 0 1 0) (0 0 1 0 0)),9,((0 1 0 0 1 0 0 1 0) (0 0 1 0 0)),29
80
((0 1 0 0 1 2 0 2 2 0 0 1 2) (0 0 1 0 0)),6,((0 0 0 0 0) (0 1 1 1 0 0 1 0 1)),39,((0 1 0 2 1 2 1 1 1 0 0 1 0) (0 0 1 0 0)),10,((0 1 0 0 1 0 0 1 0) (0 0 1 0 0)),28
79
((0 1 0 0 1 2 0 2 2 0 0 1 2) (0 0 1 0 0)),6,((0 0 0 0 0) (0 1 1 1 0 0 1 0 1)),43,((0 1 0 2 1 2 1 1 1 0 0 1 0) (0 0 1 0 0)),9,((0 1 0 0 1 0 0 1 0) (0 0 1 0 0)),25
78
((0 0 0 0 0) (0 1 1 1 0 0 1 0 1)),41,((0 1 0 2 1 2 1 1 1 0 0 1 0) (0 0 1 0 0)),11,((0 1 0 0 1 0 0 1 0) (0 0 1 0 0)),25
77
((0 0 0 0 0) (0 1 1 1 0 0 1 0 1)),43,((0 1 0 2 1 2 1 1 1 0 0 1 0) (0 0 1 0 0)),11,((0 1 0 0 1 0 0 1 0) (0 0 1 0 0)),24
76
((0 0 0 0 0) (0 1 1 1 0 0 1 0 1)),43,((0 1 0 2 1 2 1 1 1 0 0 1 0) (0 0 1 0 0)),9,((0 1 0 0 1 0 0 1 0) (0 0 1 0 0)),25
75
((0 1 0 0 1 2 0 2 2 0 0 1 2) (0 0 1 0 0)),7,((0 0 0 0 0) (0 1 1 1 0 0 1 0 1)),43,((0 1 0 2 1 2 1 1 1 0 0 1 0) (0 0 1 0 0)),8,((0 1 0 0 1 0 0 1 0) (0 0 1 0 0)),27
74
((0 1 0 0 1 2 0 2 2 0 0 1 2) (0 0 1 0 0)),8,((0 0 0 0 0) (0 1 1 1 0 0 1 0 1)),39,((0 1 0 2 1 2 1 1 1 0 0 1 0) (0 0 1 0 0)),7,((0 1 0 0 1 0 0 1 0) (0 0 1 0 0)),29
73
((0 1 0 0 1 2 0 2 2 0 0 1 2) (0 0 1 0 0)),7,((0 0 0 0 0) (0 1 1 1 0 0 1 0 1)),36,((0 1 0 2 1 2 1 1 1 0 0 1 0) (0 0 1 0 0)),7,((0 1 0 0 1 0 0 1 0) (0 0 1 0 0)),31
72
((0 1 0 0 1 2 0 2 2 0 0 1 2) (0 0 1 0 0)),8,((0 0 0 0 0) (0 1 1 1 0 0 1 0 1)),34,((0 1 0 2 1 2 1 1 1 0 0 1 0) (0 0 1 0 0)),7,((0 1 0 0 1 0 0 1 0) (0 0 1 0 0)),29
71
((0 1 0 0 1 2 0 2 2 0 0 1 2) (0 0 1 0 0)),8,((0 0 0 0 0) (0 1 1 1 0 0 1 0 1)),32,((0 1 0 2 1 2 1 1 1 0 0 1 0) (0 0 1 0 0)),8,((0 1 0 0 1 0 0 1 0) (0 0 1 0 0)),31
70
((0 1 0 0 1 2 0 2 2 0 0 1 2) (0 0 1 0 0)),9,((0 0 0 0 0) (0 1 1 1 0 0 1 0 1)),31,((0 1 0 0 1 0 0 1 0) (0 0 1 0 0)),33
69
((0 1 0 0 1 2 0 2 2 0 0 1 2) (0 0 1 0 0)),9,((0 0 0 0 0) (0 1 1 1 0 0 1 0 1)),34,((0 1 0 0 1 0 0 1 0) (0 0 1 0 0)),35
68
((0 1 0 0 1 2 0 2 2 0 0 1 2) (0 0 1 0 0)),10,((0 0 0 0 0) (0 1 1 1 0 0 1 0 1)),31,((0 1 0 0 1 0 0 1 0) (0 0 1 0 0)),35
67
((0 1 0 0 1 2 0 2 2 0 0 1 2) (0 0 1 0 0)),10,((0 0 0 0 0) (0 1 1 1 0 0 1 0 1)),33,((0 1 0 0 1 0 0 1 0) (0 0 1 0 0)),33
66
((0 1 0 0 1 2 0 2 2 0 0 1 2) (0 0 1 0 0)),10,((0 0 0 0 0) (0 1 1 1 0 0 1 0 1)),30,((0 1 0 0 1 0 0 1 0) (0 0 1 0 0)),32,((0 0 0 0 0) (0 1 1 1 1 0 1 1 1)),6
65
((0 1 0 0 1 2 0 2 2 0 0 1 2) (0 0 1 0 0)),9,((0 0 0 0 0) (0 1 1 1 0 0 1 0 1)),33,((0 1 0 0 1 0 0 1 0) (0 0 1 0 0)),31
64
((0 1 0 0 1 2 0 2 2 0 0 1 2) (0 0 1 0 0)),9,((0 0 0 0 0) (0 1 1 1 0 0 1 0 1)),35,((0 1 0 0 1 0 0 1 0) (0 0 1 0 0)),34
63
((0 1 0 0 1 2 0 2 2 0 0 1 2) (0 0 1 0 0)),7,((0 0 0 0 0) (0 1 1 1 0 0 1 0 1)),35,((0 1 0 0 1 0 0 1 0) (0 0 1 0 0)),33
62
((0 1 0 0 1 2 0 2 2 0 0 1 2) (0 0 1 0 0)),6,((0 0 0 0 0) (0 1 1 1 0 0 1 0 1)),38,((0 1 0 0 1 0 0 1 0) (0 0 1 0 0)),32
61
((0 1 0 0 1 2 0 2 2 0 0 1 2) (0 0 1 0 0)),8,((0 0 0 0 0) (0 1 1 1 0 0 1 0 1)),35,((0 1 0 0 1 0 0 1 0) (0 0 1 0 0)),36
60
((0 1 0 0 1 2 0 2 2 0 0 1 2) (0 0 1 0 0)),8,((0 0 0 0 0) (0 1 1 1 0 0 1 0 1)),35,((0 1 0 0 1 0 0 1 0) (0 0 1 0 0)),39
59
((0 1 0 0 1 2 0 2 2 0 0 1 2) (0 0 1 0 0)),8,((0 0 0 0 0) (0 1 1 1 0 0 1 0 1)),34,((0 1 0 0 1 0 0 1 0) (0 0 1 0 0)),36
58
((0 1 0 0 1 2 0 2 2 0 0 1 2) (0 0 1 0 0)),9,((0 0 0 0 0) (0 1 1 1 0 0 1 0 1)),34,((0 1 0 0 1 0 0 1 0) (0 0 1 0 0)),37
57
((0 1 0 0 1 2 0 2 2 0 0 1 2) (0 0 1 0 0)),10,((0 0 0 0 0) (0 1 1 1 0 0 1 0 1)),36,((0 1 0 0 1 0 0 1 0) (0 0 1 0 0)),34
56
((0 1 0 0 1 2 0 2 2 0 0 1 2) (0 0 1 0 0)),11,((0 0 0 0 0) (0 1 1 1 0 0 1 0 1)),35,((0 1 0 0 1 0 0 1 0) (0 0 1 0 0)),34
55
((0 1 0 0 1 2 0 2 2 0 0 1 2) (0 0 1 0 0)),13,((0 0 0 0 0) (0 1 1 1 0 0 1 0 1)),34,((0 1 0 0 1 0 0 1 0) (0 0 1 0 0)),33
54
((0 1 0 0 1 2 0 2 2 0 0 1 2) (0 0 1 0 0)),14,((0 0 0 0 0) (0 1 1 1 0 0 1 0 1)),31,((0 1 0 0 1 0 0 1 0) (0 0 1 0 0)),32
53
((0 1 0 0 1 2 0 2 2 0 0 1 2) (0 0 1 0 0)),13,((0 0 0 0 0) (0 1 1 1 0 0 1 0 1)),31,((0 1 0 0 1 0 0 1 0) (0 0 1 0 0)),35
52
((0 1 0 0 1 2 0 2 2 0 0 1 2) (0 0 1 0 0)),14,((0 0 0 0 0) (0 1 1 1 0 0 1 0 1)),31,((0 1 0 0 1 0 0 1 0) (0 0 1 0 0)),34
51
((0 1 0 0 1 2 0 2 2 0 0 1 2) (0 0 1 0 0)),13,((0 0 0 0 0) (0 1 1 1 0 0 1 0 1)),31,((0 1 0 0 1 0 0 1 0) (0 0 1 0 0)),33
50
((0 1 0 0 1 2 0 2 2 0 0 1 2) (0 0 1 0 0)),12,((0 0 0 0 0) (0 1 1 1 0 0 1 0 1)),32,((0 1 0 0 1 0 0 1 0) (0 0 1 0 0)),34
49
((0 1 0 0 1 2 0 2 2 0 0 1 2) (0 0 1 0 0)),12,((0 0 0 0 0) (0 1 1 1 0 0 1 0 1)),32,((0 1 0 0 1 0 0 1 0) (0 0 1 0 0)),35
48
((0 1 0 0 1 2 0 2 2 0 0 1 2) (0 0 1 0 0)),12,((0 0 0 0 0) (0 1 1 1 0 0 1 0 1)),31,((0 1 0 0 1 0 0 1 0) (0 0 1 0 0)),38
47
((0 1 0 0 1 2 0 2 2 0 0 1 2) (0 0 1 0 0)),12,((0 0 0 0 0) (0 1 1 1 0 0 1 0 1)),33,((0 1 0 0 1 0 0 1 0) (0 0 1 0 0)),39
46
((0 1 0 0 1 2 0 2 2 0 0 1 2) (0 0 1 0 0)),12,((0 0 0 0 0) (0 1 1 1 0 0 1 0 1)),33,((0 1 0 0 1 0 0 1 0) (0 0 1 0 0)),34
45
((0 1 0 0 1 2 0 2 2 0 0 1 2) (0 0 1 0 0)),15,((0 0 0 0 0) (0 1 1 1 0 0 1 0 1)),35,((0 1 0 0 1 0 0 1 0) (0 0 1 0 0)),32
44
((0 1 0 0 1 2 0 2 2 0 0 1 2) (0 0 1 0 0)),14,((0 0 0 0 0) (0 1 1 1 0 0 1 0 1)),37,((0 1 0 0 1 0 0 1 0) (0 0 1 0 0)),34
43
((0 1 0 0 1 2 0 2 2 0 0 1 2) (0 0 1 0 0)),14,((0 0 0 0 0) (0 1 1 1 0 0 1 0 1)),33,((0 1 0 0 1 0 0 1 0) (0 0 1 0 0)),33
42
((0 1 0 0 1 2 0 2 2 0 0 1 2) (0 0 1 0 0)),13,((0 0 0 0 0) (0 1 1 1 0 0 1 0 1)),35,((0 1 0 0 1 0 0 1 0) (0 0 1 0 0)),36
41
((0 1 0 0 1 2 0 2 2 0 0 1 2) (0 0 1 0 0)),11,((0 0 0 0 0) (0 1 1 1 0 0 1 0 1)),37,((0 1 0 0 1 0 0 1 0) (0 0 1 0 0)),37
40
((0 1 0 0 1 2 0 2 2 0 0 1 2) (0 0 1 0 0)),9,((0 0 0 0 0) (0 1 1 1 0 0 1 0 1)),37,((0 1 0 0 1 0 0 1 0) (0 0 1 0 0)),39
39
((0 1 0 0 1 2 0 2 2 0 0 1 2) (0 0 1 0 0)),7,((0 0 0 0 0) (0 1 1 1 0 0 1 0 1)),36,((0 1 0 0 1 0 0 1 0) (0 0 1 0 0)),40
38
((0 1 0 0 1 2 0 2 2 0 0 1 2) (0 0 1 0 0)),6,((0 0 0 0 0) (0 1 1 1 0 0 1 0 1)),35,((0 1 0 0 1 0 0 1 0) (0 0 1 0 0)),41
37
((0 1 0 0 1 2 0 2 2 0 0 1 2) (0 0 1 0 0)),6,((0 0 0 0 0) (0 1 1 1 0 0 1 0 1)),33,((0 1 0 0 1 0 0 1 0) (0 0 1 0 0)),41
36
((0 1 0 0 1 2 0 2 2 0 0 1 2) (0 0 1 0 0)),6,((0 0 0 0 0) (0 1 1 1 0 0 1 0 1)),33,((0 1 0 0 1 0 0 1 0) (0 0 1 0 0)),44
35
((0 0 0 0 0) (0 1 1 1 0 0 1 0 1)),33,((0 1 0 0 1 0 0 1 0) (0 0 1 0 0)),44
34
((0 0 0 0 0) (0 1 1 1 0 0 1 0 1)),32,((0 1 0 0 1 0 0 1 0) (0 0 1 0 0)),48
33
((0 0 0 0 0) (0 1 1 1 0 0 1 0 1)),27,((0 1 0 0 1 0 0 1 0) (0 0 1 0 0)),49
32
((0 0 0 0 0) (0 1 1 1 0 0 1 0 1)),24,((0 1 0 0 1 0 0 1 0) (0 0 1 0 0)),51
31
((0 0 0 0 0) (0 1 1 1 0 0 1 0 1)),26,((0 1 0 0 1 0 0 1 0) (0 0 1 0 0)),55
30
((0 0 0 0 0) (0 1 1 1 0 0 1 0 1)),26,((0 1 0 0 1 0 0 1 0) (0 0 1 0 0)),55
29
((0 0 0 0 0) (0 1 1 1 0 0 1 0 1)),27,((0 1 0 0 1 0 0 1 0) (0 0 1 0 0)),54
28
((0 0 0 0 0) (0 1 1 1 0 0 1 0 1)),28,((0 1 0 0 1 0 0 1 0) (0 0 1 0 0)),53
27
((0 0 0 0 0) (0 1 1 1 0 0 1 0 1)),27,((0 1 0 0 1 0 0 1 0) (0 0 1 0 0)),55
26
((0 0 0 0 0) (0 1 1 1 0 0 1 0 1)),27,((0 1 0 0 1 0 0 1 0) (0 0 1 0 0)),56
25
((0 0 0 0 0) (0 1 1 1 0 0 1 0 1)),24,((0 1 0 0 1 0 0 1 0) (0 0 1 0 0)),62
24
((0 0 0 0 0) (0 1 1 1 0 0 1 0 1)),25,((0 1 0 0 1 0 0 1 0) (0 0 1 0 0)),59
23
((0 0 0 0 0) (0 1 1 1 0 0 1 0 1)),25,((0 1 0 0 1 0 0 1 0) (0 0 1 0 0)),58
22
((0 0 0 0 0) (0 1 1 1 0 0 1 0 1)),26,((0 1 0 0 1 0 0 1 0) (0 0 1 0 0)),56
21
((0 0 0 0 0) (0 1 1 1 0 0 1 0 1)),29,((0 1 0 0 1 0 0 1 0) (0 0 1 0 0)),57
20
((0 0 0 0 0) (0 1 1 1 0 0 1 0 1)),29,((0 1 0 0 1 0 0 1 0) (0 0 1 0 0)),55
19
((0 0 0 0 0) (0 1 1 1 0 0 1 0 1)),25,((0 1 0 0 1 0 0 1 0) (0 0 1 0 0)),60
18
((0 0 0 0 0) (0 1 1 1 0 0 1 0 1)),21,((0 1 0 0 1 0 0 1 0) (0 0 1 0 0)),64
17
((0 0 0 0 0) (0 1 1 1 0 0 1 0 1)),21,((0 1 0 0 1 0 0 1 0) (0 0 1 0 0)),62
16
((0 0 0 0 0) (0 1 1 1 0 0 1 0 1)),22,((0 1 0 0 1 0 0 1 0) (0 0 1 0 0)),63
15
((0 0 0 0 0) (0 1 1 1 0 0 1 0 1)),22,((0 1 0 0 1 0 0 1 0) (0 0 1 0 0)),60
14
((0 0 0 0 0) (0 1 1 1 0 0 1 0 1)),19,((0 1 0 0 1 0 0 1 0) (0 0 1 0 0)),62
13
((0 0 0 0 0) (0 1 1 1 0 0 1 0 1)),20,((0 1 0 0 1 0 0 1 0) (0 0 1 0 0)),62
12
((0 0 0 0 0) (0 1 1 1 0 0 1 0 1)),19,((0 1 0 0 1 0 0 1 0) (0 0 1 0 0)),63
11
((0 0 0 0 0) (0 1 1 1 0 0 1 0 1)),19,((0 1 0 0 1 0 0 1 0) (0 0 1 0 0)),63
10
((0 0 0 0 0) (0 1 1 1 0 0 1 0 1)),19,((0 1 0 0 1 0 0 1 0) (0 0 1 0 0)),60
9
((0 1 0 0 1 3 0 1 0 2 0 3 2 0 0 1 2) (0 0 1 0 0)),6,((0 0 0 0 0) (0 1 1 1 0 0 1 0 1)),17,((0 1 0 0 1 0 0 1 0) (0 0 1 0 0)),61
8
((0 1 0 0 1 3 0 1 0 2 0 3 2 0 0 1 2) (0 0 1 0 0)),6,((0 0 0 0 0) (0 1 1 1 0 0 1 0 1)),17,((0 1 0 0 1 0 0 1 0) (0 0 1 0 0)),61
7
((0 0 0 0 0) (0 1 1 1 0 0 1 0 1)),16,((0 1 0 0 1 0 0 1 0) (0 0 1 0 0)),60,((0 1 0 0 1 2 1 0 0 0 0 0 0) (0 0 1 0 0)),7
6
((0 0 0 0 0) (0 1 1 1 0 0 1 0 1)),17,((0 1 0 0 1 0 0 1 0) (0 0 1 0 0)),58,((0 1 0 0 1 2 1 0 0 0 0 0 0) (0 0 1 0 0)),7
5
((0 0 0 0 0) (0 1 1 1 0 0 1 0 1)),15,((0 1 0 0 1 0 0 1 0) (0 0 1 0 0)),58,((0 1 0 0 1 2 1 0 0 0 0 0 0) (0 0 1 0 0)),7
4
((0 0 0 0 0) (0 1 1 1 0 0 1 0 1)),15,((0 1 0 0 1 0 0 1 0) (0 0 1 0 0)),57,((0 1 0 0 1 2 1 0 0 0 0 0 0) (0 0 1 0 0)),8
3
((0 0 0 0 0) (0 1 1 1 0 0 1 0 1)),18,((0 1 0 0 1 0 0 1 0) (0 0 1 0 0)),52,((0 1 0 0 1 2 1 0 0 0 0 0 0) (0 0 1 0 0)),9
2
((0 0 0 0 0) (0 1 1 1 0 0 1 0 1)),16,((0 1 0 0 1 0 0 1 0) (0 0 1 0 0)),54,((0 1 0 0 1 2 1 0 0 0 0 0 0) (0 0 1 0 0)),8
1
((0 0 0 0 0) (0 1 1 1 0 0 1 0 1)),16,((0 1 0 0 1 0 0 1 0) (0 0 1 0 0)),54,((0 1 0 0 1 2 1 0 0 0 0 0 0) (0 0 1 0 0)),8
